1521092246.299882,0
1521092246.343193,0
1521092246.368432,0
1521092246.387167,0
1521092246.404592,0
1521092246.424782,0
1521092246.444183,0
1521092246.462822,0
1521092246.482228,0
1521092246.501396,0
1521092246.519868,0
1521092246.540095,0
1521092246.566139,0
1521092246.584702,0
1521092246.603471,0
1521092246.622751,0
1521092246.642505,0
1521092246.660927,0
1521092246.679601,0
1521092246.702936,0
1521092246.723800,0
1521092246.768721,0
1521092246.788559,0
1521092246.806607,0
1521092246.826569,0
1521092246.845521,0
1521092246.867116,0
1521092246.885095,0
1521092246.904984,0
1521092246.926340,0
1521092246.946843,0
1521092246.965766,0
1521092246.986247,0
1521092247.004882,0
1521092247.023935,0
1521092247.043496,0
1521092247.062704,0
1521092247.081263,1
1521092247.100965,0
1521092247.118681,0
1521092247.138974,0
1521092247.157203,0
1521092247.177336,0
1521092247.197765,0
1521092247.217070,0
1521092247.236847,0
1521092247.256809,0
1521092247.276450,0
1521092247.296698,0
1521092247.321401,0
1521092247.340779,0
1521092247.362314,0
1521092247.381114,0
1521092247.399933,0
1521092247.427369,0
1521092247.447729,0
1521092247.467822,0
1521092247.486401,0
1521092247.506087,0
1521092247.524798,0
1521092247.544957,0
1521092247.564469,0
1521092247.583163,0
1521092247.602656,1
1521092247.622662,0
1521092247.642712,0
1521092247.662316,0
1521092247.682371,0
1521092247.702118,0
1521092247.720723,0
1521092247.739815,0
1521092247.760922,0
1521092247.779935,0
1521092247.798632,0
1521092247.818361,0
1521092247.838068,0
1521092247.857848,0
1521092247.876939,0
1521092247.898653,0
1521092247.923748,0
1521092247.943678,0
1521092247.963956,0
1521092247.983533,0
1521092248.005264,0
1521092248.026503,0
1521092248.049198,0
1521092248.069134,0
1521092248.089832,0
1521092248.135808,0
1521092248.157256,0
1521092248.179256,0
1521092248.197504,0
1521092248.218406,0
1521092248.236779,0
1521092248.257388,0
1521092248.278776,0
1521092248.298904,0
1521092248.318394,0
1521092248.342416,0
1521092248.361458,0
1521092248.382607,0
1521092248.431015,0
1521092248.450545,0
1521092248.507206,0
1521092248.528201,0
1521092248.546902,0
1521092248.582884,0
1521092248.602684,0
1521092248.621831,0
1521092248.641781,0
1521092248.661730,0
1521092248.680011,0
1521092248.698633,0
1521092248.750103,0
1521092248.783541,0
1521092248.811295,0
1521092248.833619,0
1521092248.852334,0
1521092248.872077,0
1521092248.892183,0
1521092248.912452,0
1521092248.964890,0
1521092248.983545,0
1521092249.002303,0
1521092249.022270,0
1521092249.042387,0
1521092249.061798,0
1521092249.081661,0
1521092249.100508,0
1521092249.121001,0
1521092249.140105,0
1521092249.161154,0
1521092249.179995,0
1521092249.209533,0
1521092249.230745,0
1521092249.251742,0
1521092249.272595,0
1521092249.294166,0
1521092249.313652,0
1521092249.339724,0
1521092249.363265,0
1521092249.382601,0
1521092249.401953,0
1521092249.427770,0
1521092249.447519,0
1521092249.466735,0
1521092249.486645,0
1521092249.507212,0
1521092249.527840,0
1521092249.546685,0
1521092249.568859,0
1521092249.590451,0
1521092249.609641,0
1521092249.631731,0
1521092249.651699,0
1521092249.671032,0
1521092249.690131,0
1521092249.709362,0
1521092249.729308,0
1521092249.750095,0
1521092249.782787,0
1521092249.801712,0
1521092249.821506,0
1521092249.842444,0
1521092249.862051,0
1521092249.882596,0
1521092249.904238,0
1521092249.927834,0
1521092249.955940,0
1521092249.978189,0
1521092249.998430,0
1521092250.018680,0
1521092250.037748,0
1521092250.059128,0
1521092250.078566,0
1521092250.099545,0
1521092250.119978,0
1521092250.143468,0
1521092250.164506,0
1521092250.184573,0
1521092250.206213,0
1521092250.227166,0
1521092250.246168,0
1521092250.265217,0
1521092250.285477,0
1521092250.304482,0
1521092250.327919,0
1521092250.351411,0
1521092250.374038,0
1521092250.395272,0
1521092250.415030,0
1521092250.435076,0
1521092250.457162,0
1521092250.483951,0
1521092250.503896,0
1521092250.528403,0
1521092250.552632,0
1521092250.573449,0
1521092250.593691,0
1521092250.612254,0
1521092250.631860,0
1521092250.652258,0
1521092250.673987,0
1521092250.693954,0
1521092250.712624,0
1521092250.733108,0
1521092250.755458,0
1521092250.776192,0
1521092250.796315,0
1521092250.815089,0
1521092250.836102,0
1521092250.860243,0
1521092250.884160,0
1521092250.904973,0
1521092250.926803,0
1521092250.946414,0
1521092250.967242,0
1521092250.986011,0
1521092251.005022,0
1521092251.026742,0
1521092251.045211,0
1521092251.065239,0
1521092251.085808,0
1521092251.106274,0
1521092251.134174,0
1521092251.158821,0
1521092251.181363,0
1521092251.200470,0
1521092251.219699,0
1521092251.239127,0
1521092251.261234,0
1521092251.280308,0
1521092251.301138,0
1521092251.321950,0
1521092251.343487,0
1521092251.365094,0
1521092251.387836,0
1521092251.407496,0
1521092251.428095,0
1521092251.448861,0
1521092251.469954,0
1521092251.495766,0
1521092251.515270,0
1521092251.534771,0
1521092251.555794,0
1521092251.579898,0
1521092251.600004,0
1521092251.620477,0
1521092251.641813,0
1521092251.662166,0
1521092251.682273,0
1521092251.701439,0
1521092251.721232,0
1521092251.743972,0
1521092251.764768,0
1521092251.795215,0
1521092251.818874,0
1521092251.838768,0
1521092251.859479,0
1521092251.881974,0
1521092251.900414,0
1521092251.920834,0
1521092251.942595,0
1521092251.962615,0
1521092251.984122,0
1521092252.003817,0
1521092252.027070,0
1521092252.054724,0
1521092252.076767,0
1521092252.096154,0
1521092252.117621,0
1521092252.138598,0
1521092252.158918,0
1521092252.179685,0
1521092252.199828,0
1521092252.220182,0
1521092252.239883,0
1521092252.261209,0
1521092252.281200,0
1521092252.301344,0
1521092252.321190,0
1521092252.341828,0
1521092252.363368,0
1521092252.384903,0
1521092252.407152,0
1521092252.429854,0
1521092252.451126,0
1521092252.472843,0
1521092252.493359,0
1521092252.515442,0
1521092252.536598,0
1521092252.557311,0
1521092252.579849,0
1521092252.601766,0
1521092252.623307,0
1521092252.646386,0
1521092252.666663,0
1521092252.685379,0
1521092252.704864,0
1521092252.726833,0
1521092252.746885,0
1521092252.766318,0
1521092252.787938,0
1521092252.807491,0
1521092252.827048,0
1521092252.847631,0
1521092252.872741,0
1521092252.894746,0
1521092252.916458,0
1521092252.938038,0
1521092252.957889,0
1521092252.977882,0
1521092252.998759,0
1521092253.018738,0
1521092253.038891,0
1521092253.060525,0
1521092253.080466,0
1521092253.102107,0
1521092253.126879,0
1521092253.148891,0
1521092253.169650,0
1521092253.192173,0
1521092253.214736,0
1521092253.234597,0
1521092253.255213,0
1521092253.276841,0
1521092253.306669,0
1521092253.329651,0
1521092253.350041,0
1521092253.372543,0
1521092253.393872,0
1521092253.417404,0
1521092253.439552,0
1521092253.460799,0
1521092253.482684,0
1521092253.503308,0
1521092253.531115,0
1521092253.551556,0
1521092253.572034,0
1521092253.592967,0
1521092253.615990,0
1521092253.636142,0
1521092253.658556,0
1521092253.680885,0
1521092253.702089,0
1521092253.722940,0
1521092253.744249,0
1521092253.764787,0
1521092253.786174,0
1521092253.807369,0
1521092253.829515,0
1521092253.850703,0
1521092253.873332,0
1521092253.896455,0
1521092253.921389,0
1521092253.943001,0
1521092253.966607,0
1521092253.986727,0
1521092254.010235,0
1521092254.032924,0
1521092254.054145,0
1521092254.077092,0
1521092254.099127,0
1521092254.119790,0
1521092254.143372,0
1521092254.164124,0
1521092254.185200,0
1521092254.206015,0
1521092254.234435,0
1521092254.258708,0
1521092254.282510,0
1521092254.304440,0
1521092254.326156,0
1521092254.347016,0
1521092254.368234,0
1521092254.389900,0
1521092254.410428,0
1521092254.433318,0
1521092254.454394,0
1521092254.477447,0
1521092254.497487,0
1521092254.518012,0
1521092254.540136,0
1521092254.562540,0
1521092254.585159,0
1521092254.607461,0
1521092254.631360,0
1521092254.652831,0
1521092254.676827,0
1521092254.698782,0
1521092254.719858,0
1521092254.741690,0
1521092254.762232,0
1521092254.783982,0
1521092254.805431,0
1521092254.828865,0
1521092254.852429,0
1521092254.877854,0
1521092254.901794,0
1521092254.924881,0
1521092254.946856,0
1521092254.966991,0
1521092254.988965,0
1521092255.011838,0
1521092255.033171,0
1521092255.054778,0
1521092255.077169,0
1521092255.098670,0
1521092255.121091,0
1521092255.143716,0
1521092255.166093,0
1521092255.191198,0
1521092255.216259,0
1521092255.237372,0
1521092255.261266,0
1521092255.284082,0
1521092255.306413,0
1521092255.329899,0
1521092255.351772,0
1521092255.374479,0
1521092255.396187,0
1521092255.417708,0
1521092255.441114,0
1521092255.462771,0
1521092255.484498,0
1521092255.506627,0
1521092255.528034,0
1521092255.556436,0
1521092255.580097,0
1521092255.603270,0
1521092255.628140,0
1521092255.651639,0
1521092255.674443,0
1521092255.695859,0
1521092255.717845,0
1521092255.742958,0
1521092255.764238,0
1521092255.792521,0
1521092255.817781,0
1521092255.842140,0
1521092255.864562,0
1521092255.888155,0
1521092255.910915,0
1521092255.933600,0
1521092255.956320,0
1521092255.982443,0
1521092256.004349,0
1521092256.027151,0
1521092256.048745,0
1521092256.070020,0
1521092256.091227,0
1521092256.113101,0
1521092256.135239,0
1521092256.158921,0
1521092256.180655,0
1521092256.202091,0
1521092256.223683,0
1521092256.245854,0
1521092256.268159,0
1521092256.290319,0
1521092256.313845,0
1521092256.334851,0
1521092256.355881,0
1521092256.378729,0
1521092256.404233,0
1521092256.426820,0
1521092256.448125,0
1521092256.470175,0
1521092256.492334,0
1521092256.515810,0
1521092256.538766,0
1521092256.587869,1
1521092256.635397,11
1521092256.663548,16
1521092256.685853,19
1521092256.706840,20
1521092256.728444,20
1521092256.751144,20
1521092256.772619,19
1521092256.794964,20
1521092256.815641,20
1521092256.837078,19
1521092256.859847,20
1521092256.883110,19
1521092256.905525,19
1521092256.927714,17
1521092256.949413,16
1521092256.971054,15
1521092256.993525,13
1521092257.014876,13
1521092257.037130,17
1521092257.060054,19
1521092257.082973,19
1521092257.104911,18
1521092257.126899,19
1521092257.147426,19
1521092257.172677,19
1521092257.194637,19
1521092257.217171,18
1521092257.238670,20
1521092257.259687,19
1521092257.280424,20
1521092257.301710,20
1521092257.321487,19
1521092257.342456,20
1521092257.363158,19
1521092257.384444,20
1521092257.405989,20
1521092257.427441,18
1521092257.448380,18
1521092257.470703,17
1521092257.493416,15
1521092257.513339,14
1521092257.533300,12
1521092257.554552,12
1521092257.575729,10
1521092257.596439,8
1521092257.618433,11
1521092257.638652,11
1521092257.661396,10
1521092257.680639,11
1521092257.701750,10
1521092257.724744,12
1521092257.750816,11
1521092257.775077,12
1521092257.800478,11
1521092257.822335,11
1521092257.843702,13
1521092257.865333,12
1521092257.886524,13
1521092257.907078,13
1521092257.929990,12
1521092257.950601,14
1521092257.972869,14
1521092257.996286,14
1521092258.017838,14
1521092258.037794,14
1521092258.060991,14
1521092258.081296,14
1521092258.104244,15
1521092258.125769,15
1521092258.146555,14
1521092258.167010,15
1521092258.189180,15
1521092258.211197,14
1521092258.231018,16
1521092258.251078,16
1521092258.272290,17
1521092258.293396,16
1521092258.313022,17
1521092258.334492,17
1521092258.356198,16
1521092258.379416,17
1521092258.400511,17
1521092258.421468,17
1521092258.446027,16
1521092258.467571,17
1521092258.490057,17
1521092258.514118,18
1521092258.536603,17
1521092258.557528,18
1521092258.582019,18
1521092258.603784,18
1521092258.628851,18
1521092258.648214,17
1521092258.668630,18
1521092258.694361,19
1521092258.714401,19
1521092258.736545,18
1521092258.758186,19
1521092258.781503,19
1521092258.802531,18
1521092258.824802,19
1521092258.848626,20
1521092258.870196,20
1521092258.893014,20
1521092258.915135,19
1521092258.935573,20
1521092258.959236,20
1521092258.983916,20
1521092259.005514,20
1521092259.028542,19
1521092259.049546,20
1521092259.070816,20
1521092259.093140,19
1521092259.113600,20
1521092259.134143,19
1521092259.153812,20
1521092259.173115,19
1521092259.194986,20
1521092259.216018,20
1521092259.236498,18
1521092259.258072,17
1521092259.279869,15
1521092259.300237,14
1521092259.320753,13
1521092259.344286,11
1521092259.365413,10
1521092259.388434,10
1521092259.411354,11
1521092259.431969,10
1521092259.454627,11
1521092259.477385,11
1521092259.500557,12
1521092259.522710,12
1521092259.544590,11
1521092259.582508,12
1521092259.607106,12
1521092259.631843,13
1521092259.652577,13
1521092259.673863,12
1521092259.696803,13
1521092259.717496,13
1521092259.744615,14
1521092259.766059,14
1521092259.787845,13
1521092259.813486,14
1521092259.834774,13
1521092259.859026,13
1521092259.881866,15
1521092259.901956,15
1521092259.923365,14
1521092259.946484,15
1521092259.968311,15
1521092259.994993,15
1521092260.018048,16
1521092260.043032,16
1521092260.067898,16
1521092260.095996,16
1521092260.119108,15
1521092260.146922,17
1521092260.174036,16
1521092260.201694,17
1521092260.223284,16
1521092260.246793,16
1521092260.268867,17
1521092260.293930,17
1521092260.315531,18
1521092260.338163,18
1521092260.362545,18
1521092260.385136,17
1521092260.410560,17
1521092260.434916,18
1521092260.459640,19
1521092260.484905,19
1521092260.511813,19
1521092260.537557,18
1521092260.562043,19
1521092260.581192,19
1521092260.601194,19
1521092260.623031,19
1521092260.646938,20
1521092260.667119,19
1521092260.687317,20
1521092260.709633,20
1521092260.731455,19
1521092260.751260,20
1521092260.777446,20
1521092260.804433,20
1521092260.827016,20
1521092260.848082,20
1521092260.870441,20
1521092260.892057,20
1521092260.913435,20
1521092260.933978,19
1521092260.953316,20
1521092260.973951,19
1521092260.994701,19
1521092261.015090,18
1521092261.035072,17
1521092261.055235,15
1521092261.075718,15
1521092261.096362,13
1521092261.116965,12
1521092261.137572,11
1521092261.157564,9
1521092261.180276,11
1521092261.201099,10
1521092261.221978,11
1521092261.243084,11
1521092261.263667,11
1521092261.285202,12
1521092261.313104,11
1521092261.335090,12
1521092261.365538,12
1521092261.401058,13
1521092261.432700,13
1521092261.459224,12
1521092261.486778,13
1521092261.515375,12
1521092261.548220,13
1521092261.575910,14
1521092261.604165,13
1521092261.631693,14
1521092261.652860,14
1521092261.678492,15
1521092261.701201,14
1521092261.726330,15
1521092261.750718,15
1521092261.772803,14
1521092261.797245,15
1521092261.821387,15
1521092261.847501,16
1521092261.871199,15
1521092261.898011,16
1521092261.920660,16
1521092261.945959,17
1521092261.967965,16
1521092262.001789,17
1521092262.024453,16
1521092262.047093,16
1521092262.069591,17
1521092262.092665,18
1521092262.114878,18
1521092262.138491,18
1521092262.160991,18
1521092262.182583,18
1521092262.205697,18
1521092262.227581,18
1521092262.248977,18
1521092262.271317,19
1521092262.294206,19
1521092262.316146,19
1521092262.338893,18
1521092262.361032,19
1521092262.385237,19
1521092262.407329,19
1521092262.431402,20
1521092262.454440,20
1521092262.478321,20
1521092262.503001,20
1521092262.526562,19
1521092262.547265,20
1521092262.570243,20
1521092262.597537,19
1521092262.619034,20
1521092262.643380,20
1521092262.666734,20
1521092262.686928,19
1521092262.709495,19
1521092262.731337,20
1521092262.753057,20
1521092262.777531,19
1521092262.801511,18
1521092262.825421,17
1521092262.852395,15
1521092262.880514,13
1521092262.906361,12
1521092262.932474,10
1521092262.956401,10
1521092262.981859,11
1521092263.005593,11
1521092263.031758,11
1521092263.055481,11
1521092263.082880,12
1521092263.107313,12
1521092263.131697,12
1521092263.154904,11
1521092263.183139,13
1521092263.212110,13
1521092263.235005,12
1521092263.260365,12
1521092263.283251,12
1521092263.307695,13
1521092263.334753,14
1521092263.359042,14
1521092263.385092,14
1521092263.416948,14
1521092263.443788,15
1521092263.466785,15
1521092263.492622,14
1521092263.517500,14
1521092263.545492,15
1521092263.569183,16
1521092263.594308,16
1521092263.618479,16
1521092263.646523,15
1521092263.674156,16
1521092263.696875,16
1521092263.716881,17
1521092263.736893,16
1521092263.756558,17
1521092263.782074,17
1521092263.804865,17
1521092263.825173,16
1521092263.845950,17
1521092263.866988,18
1521092263.886513,18
1521092263.907353,18
1521092263.927669,18
1521092263.950512,18
1521092263.969879,17
1521092263.989660,18
1521092264.010282,17
1521092264.029942,19
1521092264.051294,18
1521092264.071055,19
1521092264.090601,18
1521092264.112491,19
1521092264.132889,19
1521092264.153189,19
1521092264.173835,19
1521092264.195027,18
1521092264.215431,20
1521092264.235991,19
1521092264.257858,20
1521092264.280673,20
1521092264.302762,19
1521092264.325089,19
1521092264.346582,20
1521092264.368739,20
1521092264.391516,20
1521092264.414701,19
1521092264.436115,20
1521092264.458089,20
1521092264.482677,20
1521092264.504389,20
1521092264.526941,19
1521092264.547707,20
1521092264.569218,20
1521092264.591873,17
1521092264.613939,17
1521092264.635725,15
1521092264.660797,14
1521092264.682190,12
1521092264.704293,10
1521092264.727003,9
1521092264.750770,11
1521092264.773643,11
1521092264.797073,11
1521092264.819898,11
1521092264.843692,11
1521092264.866922,11
1521092264.890182,11
1521092264.913089,12
1521092264.936063,12
1521092264.960414,12
1521092264.984884,13
1521092265.010376,13
1521092265.032121,13
1521092265.055550,13
1521092265.079023,13
1521092265.102174,14
1521092265.126279,14
1521092265.150444,14
1521092265.175018,14
1521092265.198664,13
1521092265.221711,14
1521092265.246173,14
1521092265.268895,15
1521092265.291255,15
1521092265.314150,15
1521092265.336332,15
1521092265.359389,15
1521092265.382966,15
1521092265.405178,16
1521092265.428350,16
1521092265.452312,16
1521092265.476735,16
1521092265.498442,17
1521092265.521602,17
1521092265.544194,16
1521092265.568609,17
1521092265.595429,17
1521092265.618630,17
1521092265.642186,16
1521092265.669194,18
1521092265.696489,18
1521092265.718933,18
1521092265.742357,18
1521092265.765304,18
1521092265.785791,17
1521092265.805484,18
1521092265.829637,19
1521092265.849270,19
1521092265.871200,19
1521092265.896081,19
1521092265.917616,19
1521092265.940125,18
1521092265.963553,18
1521092265.984553,20
1521092266.006449,20
1521092266.028590,20
1521092266.048994,20
1521092266.070785,19
1521092266.092968,19
1521092266.116246,20
1521092266.139527,20
1521092266.161885,20
1521092266.187183,20
1521092266.214368,19
1521092266.235989,20
1521092266.259091,20
1521092266.281111,20
1521092266.303821,19
1521092266.325751,20
1521092266.352505,18
1521092266.377659,18
1521092266.402951,16
1521092266.426474,15
1521092266.448338,13
1521092266.471635,12
1521092266.494510,11
1521092266.517451,9
1521092266.541407,11
1521092266.564634,11
1521092266.588048,11
1521092266.611848,10
1521092266.634567,10
1521092266.658015,12
1521092266.682078,11
1521092266.708058,11
1521092266.731999,11
1521092266.754709,13
1521092266.778803,13
1521092266.809169,13
1521092266.832227,13
1521092266.856405,13
1521092266.879957,14
1521092266.903262,14
1521092266.926608,14
1521092266.950240,13
1521092266.975186,14
1521092266.998140,13
1521092267.022656,14
1521092267.044737,15
1521092267.067166,15
1521092267.091501,15
1521092267.115443,15
1521092267.137675,16
1521092267.161181,16
1521092267.184391,15
1521092267.206228,16
1521092267.229210,16
1521092267.252009,16
1521092267.276717,16
1521092267.299992,17
1521092267.322361,17
1521092267.344307,16
1521092267.366855,17
1521092267.390291,17
1521092267.416434,17
1521092267.438770,18
1521092267.461535,18
1521092267.484222,18
1521092267.507239,17
1521092267.531305,17
1521092267.553313,18
1521092267.578384,18
1521092267.604042,18
1521092267.628017,18
1521092267.650368,19
1521092267.672052,19
1521092267.695285,18
1521092267.717713,19
1521092267.741215,18
1521092267.763845,18
1521092267.787024,20
1521092267.811090,20
1521092267.833088,20
1521092267.855028,20
1521092267.878149,19
1521092267.901534,19
1521092267.923609,20
1521092267.945288,20
1521092267.968138,19
1521092267.989071,20
1521092268.014467,19
1521092268.034694,20
1521092268.059048,20
1521092268.082924,20
1521092268.104021,19
1521092268.127180,18
1521092268.147856,19
1521092268.168792,17
1521092268.190785,16
1521092268.212368,15
1521092268.235388,13
1521092268.257139,11
1521092268.280812,11
1521092268.303004,9
1521092268.325856,11
1521092268.350049,11
1521092268.373902,11
1521092268.396250,10
1521092268.419392,10
1521092268.441448,12
1521092268.463682,12
1521092268.485702,12
1521092268.508532,11
1521092268.532403,12
1521092268.554152,12
1521092268.576282,13
1521092268.597942,12
1521092268.622936,13
1521092268.645199,12
1521092268.670771,13
1521092268.693356,12
1521092268.715821,12
1521092268.739715,13
1521092268.762946,12
1521092268.785048,13
1521092268.809154,13
1521092268.832461,14
1521092268.857463,13
1521092268.880948,14
1521092268.907256,13
1521092268.930244,14
1521092268.952975,13
1521092268.976484,12
1521092268.999774,13
1521092269.022341,13
1521092269.045004,15
1521092269.067916,14
1521092269.091514,15
1521092269.115741,14
1521092269.138367,13
1521092269.162670,14
1521092269.184174,14
1521092269.206961,15
1521092269.232198,14
1521092269.255134,15
1521092269.276909,14
1521092269.299212,13
1521092269.322556,16
1521092269.344120,15
1521092269.366347,16
1521092269.388769,15
1521092269.411033,15
1521092269.433249,16
1521092269.454843,15
1521092269.478008,16
1521092269.501437,15
1521092269.523659,15
1521092269.546481,16
1521092269.567344,15
1521092269.592153,16
1521092269.614349,16
1521092269.637828,15
1521092269.662818,16
1521092269.686071,15
1521092269.712928,16
1521092269.736222,17
1521092269.758880,16
1521092269.783265,15
1521092269.806297,17
1521092269.828022,16
1521092269.851121,17
1521092269.874392,16
1521092269.897403,15
1521092269.921232,17
1521092269.944892,16
1521092269.966714,18
1521092269.990337,17
1521092270.012060,18
1521092270.034433,17
1521092270.057640,16
1521092270.080844,18
1521092270.101802,17
1521092270.124804,18
1521092270.147198,17
1521092270.170542,16
1521092270.193618,18
1521092270.216843,17
1521092270.241365,19
1521092270.263825,18
1521092270.286834,19
1521092270.311334,18
1521092270.334370,17
1521092270.357074,18
1521092270.380836,17
1521092270.403040,19
1521092270.427843,18
1521092270.451564,19
1521092270.473572,18
1521092270.496172,19
1521092270.518520,18
1521092270.541948,17
1521092270.564443,19
1521092270.587182,19
1521092270.609305,20
1521092270.632220,19
1521092270.657185,20
1521092270.681711,19
1521092270.704892,18
1521092270.729355,19
1521092270.752861,18
1521092270.780255,19
1521092270.802941,18
1521092270.826850,19
1521092270.849376,18
1521092270.872750,20
1521092270.896294,19
1521092270.918077,20
1521092270.940728,19
1521092270.964483,20
1521092270.988394,18
1521092271.011156,19
1521092271.035274,17
1521092271.057017,15
1521092271.078805,14
1521092271.102115,12
1521092271.124321,11
1521092271.147762,9
1521092271.170852,10
1521092271.192967,9
1521092271.217192,10
1521092271.241170,11
1521092271.263975,10
1521092271.286368,10
1521092271.308736,11
1521092271.332437,12
1521092271.355850,11
1521092271.378146,12
1521092271.401868,11
1521092271.425677,12
1521092271.448941,11
1521092271.473452,10
1521092271.495945,12
1521092271.519394,11
1521092271.542297,12
1521092271.564325,12
1521092271.586209,11
1521092271.608612,13
1521092271.631209,12
1521092271.653150,13
1521092271.677900,12
1521092271.701223,13
1521092271.724071,12
1521092271.746649,11
1521092271.768987,13
1521092271.793317,12
1521092271.817266,14
1521092271.841798,13
1521092271.867734,14
1521092271.891325,13
1521092271.912927,14
1521092271.935346,13
1521092271.956704,12
1521092271.979513,14
1521092272.001577,13
1521092272.023138,14
1521092272.045390,14
1521092272.067595,14
1521092272.091240,15
1521092272.113332,14
1521092272.134683,14
1521092272.156558,15
1521092272.177824,14
1521092272.202264,15
1521092272.225638,14
1521092272.247337,13
1521092272.270268,15
1521092272.294392,14
1521092272.316020,15
1521092272.338159,15
1521092272.361694,14
1521092272.384019,16
1521092272.407953,15
1521092272.430864,16
1521092272.453122,15
1521092272.477551,16
1521092272.499861,15
1521092272.524135,16
1521092272.546770,15
1521092272.569002,15
1521092272.591574,16
1521092272.614896,15
1521092272.637127,17
1521092272.660354,16
1521092272.693538,16
1521092272.717105,15
1521092272.738495,17
1521092272.762016,16
1521092272.784744,17
1521092272.807140,16
1521092272.830378,15
1521092272.852605,17
1521092272.876152,16
1521092272.898594,17
1521092272.920135,16
1521092272.943469,16
1521092272.966110,17
1521092272.988255,17
1521092273.011421,18
1521092273.033213,17
1521092273.055403,16
1521092273.077679,18
1521092273.101394,17
1521092273.123860,18
1521092273.145770,17
1521092273.168051,16
1521092273.190214,18
1521092273.212866,17
1521092273.234931,16
1521092273.257867,18
1521092273.281509,18
1521092273.304620,19
1521092273.327420,18
1521092273.350908,19
1521092273.373038,18
1521092273.397235,19
1521092273.420589,18
1521092273.443587,17
1521092273.466874,18
1521092273.488809,18
1521092273.511714,19
1521092273.536920,18
1521092273.563318,19
1521092273.584958,18
1521092273.607482,20
1521092273.631380,19
1521092273.653302,18
1521092273.676038,20
1521092273.698994,19
1521092273.723261,20
1521092273.744581,19
1521092273.767565,20
1521092273.791411,19
1521092273.818612,20
1521092273.841076,19
1521092273.862823,18
1521092273.884809,20
1521092273.907548,19
1521092273.930917,20
1521092273.952564,19
1521092273.976631,18
1521092273.999820,19
1521092274.021951,19
1521092274.045199,20
1521092274.067458,19
1521092274.092304,20
1521092274.114669,19
1521092274.137841,18
1521092274.161792,17
1521092274.185835,16
1521092274.207468,15
1521092274.230117,14
1521092274.253787,12
1521092274.277479,11
1521092274.301265,9
1521092274.325256,11
1521092274.348851,11
1521092274.372589,10
1521092274.395222,10
1521092274.419169,11
1521092274.441615,12
1521092274.463828,11
1521092274.487024,10
1521092274.512124,11
1521092274.534572,10
1521092274.558622,11
1521092274.580577,11
1521092274.603969,12
1521092274.627000,11
1521092274.649726,13
1521092274.673073,12
1521092274.695975,13
1521092274.720188,12
1521092274.743244,11
1521092274.766442,12
1521092274.789002,12
1521092274.812620,13
1521092274.834839,12
1521092274.859185,13
1521092274.882321,12
1521092274.904823,12
1521092274.927368,14
1521092274.951248,13
1521092274.974349,14
1521092274.996347,13
1521092275.019401,14
1521092275.042952,13
1521092275.065811,12
1521092275.089677,14
1521092275.112755,13
1521092275.134546,14
1521092275.156722,14
1521092275.178959,13
1521092275.199760,15
1521092275.220249,14
1521092275.242471,14
1521092275.262871,15
1521092275.284398,14
1521092275.304695,14
1521092275.326213,15
1521092275.346093,15
1521092275.367353,14
1521092275.388229,13
1521092275.410911,15
1521092275.430496,15
1521092275.451252,15
1521092275.471401,16
1521092275.491587,16
1521092275.512144,15
1521092275.534788,14
1521092275.554843,16
1521092275.575135,15
1521092275.595218,15
1521092275.618297,16
1521092275.638787,15
1521092275.659948,15
1521092275.681419,16
1521092275.701797,16
1521092275.722066,16
1521092275.743669,15
1521092275.764107,17
1521092275.785455,16
1521092275.808444,15
1521092275.831181,17
1521092275.855801,16
1521092275.880392,17
1521092275.903606,16
1521092275.927020,17
1521092275.953355,16
1521092275.978331,16
1521092276.001053,16
1521092276.022750,18
1521092276.045264,17
1521092276.081557,17
1521092276.116737,16
1521092276.152120,18
1521092276.188683,17
1521092276.223060,17
1521092276.258663,17
1521092276.291899,17
1521092276.327080,18
1521092276.361295,19
1521092276.385719,18
1521092276.409522,19
1521092276.435286,18
1521092276.458679,19
1521092276.482459,18
1521092276.506277,19
1521092276.530056,18
1521092276.553568,19
1521092276.576845,18
1521092276.599592,17
1521092276.623398,19
1521092276.646018,18
1521092276.670109,19
1521092276.693239,19
1521092276.717479,20
1521092276.745534,19
1521092276.768011,20
1521092276.791964,19
1521092276.817838,19
1521092276.844223,20
1521092276.868426,19
1521092276.893316,20
1521092276.917306,19
1521092276.943731,20
1521092276.967018,19
1521092276.990141,20
1521092277.013319,19
1521092277.035978,18
1521092277.060825,19
1521092277.084189,18
1521092277.106577,20
1521092277.129394,19
1521092277.153428,20
1521092277.176113,19
1521092277.200765,20
1521092277.223975,19
1521092277.248114,18
1521092277.272008,17
1521092277.294885,15
1521092277.318551,13
1521092277.344932,12
1521092277.368702,11
1521092277.393991,9
1521092277.419531,11
1521092277.443733,11
1521092277.469728,11
1521092277.493338,11
1521092277.515228,12
1521092277.538731,11
1521092277.561988,10
1521092277.583587,12
1521092277.605354,11
1521092277.626624,10
1521092277.647729,12
1521092277.668546,11
1521092277.691400,10
1521092277.713740,11
1521092277.736861,11
1521092277.762738,12
1521092277.784508,12
1521092277.806662,13
1521092277.828455,12
1521092277.850019,12
1521092277.872548,13
1521092277.895197,12
1521092277.918862,11
1521092277.940765,12
1521092277.962652,12
1521092277.984543,14
1521092278.007372,13
1521092278.029591,12
1521092278.051231,14
1521092278.073389,13
1521092278.096425,14
1521092278.118620,13
1521092278.142589,12
1521092278.165097,15
1521092278.187211,14
1521092278.211939,15
1521092278.234980,14
1521092278.259824,16
1521092278.283757,14
1521092278.307673,15
1521092278.331221,14
1521092278.354607,13
1521092278.379143,14
1521092278.404031,15
1521092278.427512,14
1521092278.451464,13
1521092278.476828,14
1521092278.500486,13
1521092278.524168,15
1521092278.547511,14
1521092278.570639,16
1521092278.594115,15
1521092278.616810,16
1521092278.639915,15
1521092278.662932,16
1521092278.685790,15
1521092278.709716,14
1521092278.731811,16
1521092278.754335,15
1521092278.781497,16
1521092278.804045,15
1521092278.826823,17
1521092278.850663,16
1521092278.872433,17
1521092278.894638,16
1521092278.917902,16
1521092278.941343,17
1521092278.965085,16
1521092278.987850,17
1521092279.010830,16
1521092279.032675,15
1521092279.056138,16
1521092279.078959,16
1521092279.102295,17
1521092279.124824,17
1521092279.146666,16
1521092279.170351,17
1521092279.193240,17
1521092279.218548,17
1521092279.240489,17
1521092279.263508,18
1521092279.285303,17
1521092279.309169,18
1521092279.333018,17
1521092279.357369,18
1521092279.381371,17
1521092279.405295,18
1521092279.430283,17
1521092279.453633,17
1521092279.477316,18
1521092279.501794,17
1521092279.527148,18
1521092279.550463,17
1521092279.575258,18
1521092279.595649,18
1521092279.617283,19
1521092279.636282,19
1521092279.657201,18
1521092279.677248,18
1521092279.698392,19
1521092279.717872,19
1521092279.739177,18
1521092279.759492,17
1521092279.780465,20
1521092279.801107,19
1521092279.821343,19
1521092279.842857,20
1521092279.871166,19
1521092279.891088,20
1521092279.911734,20
1521092279.931939,19
1521092279.950629,19
1521092279.971082,20
1521092279.991079,20
1521092280.017002,18
1521092280.038216,20
1521092280.062003,19
1521092280.081998,18
1521092280.102012,20
1521092280.122578,20
1521092280.142932,19
1521092280.163329,18
1521092280.183073,20
1521092280.203854,19
1521092280.223692,19
1521092280.244715,18
1521092280.266578,20
1521092280.286989,19
1521092280.308646,18
1521092280.328415,20
1521092280.349341,17
1521092280.369697,17
1521092280.392761,15
1521092280.412652,13
1521092280.434290,13
1521092280.454327,11
1521092280.475581,10
1521092280.497600,10
1521092280.518386,10
1521092280.538813,11
1521092280.558950,10
1521092280.579152,11
1521092280.599364,10
1521092280.618995,11
1521092280.640903,10
1521092280.661671,12
1521092280.681485,11
1521092280.701713,11
1521092280.721448,12
1521092280.742364,12
1521092280.763057,11
1521092280.783023,11
1521092280.803530,12
1521092280.825438,11
1521092280.845700,12
1521092280.865769,11
1521092280.885586,13
1521092280.906750,12
1521092280.928705,12
1521092280.949255,13
1521092280.968937,13
1521092280.991662,12
1521092281.012322,11
1521092281.032231,13
1521092281.053634,12
1521092281.075267,11
1521092281.095358,14
1521092281.117532,13
1521092281.139075,13
1521092281.159500,14
1521092281.179706,13
1521092281.200921,13
1521092281.220893,12
1521092281.242017,14
1521092281.262282,13
1521092281.282447,13
1521092281.302745,14
1521092281.323233,14
1521092281.344427,14
1521092281.369641,15
1521092281.393187,14
1521092281.413587,14
1521092281.434127,15
1521092281.454795,14
1521092281.474706,14
1521092281.495898,13
1521092281.515752,15
1521092281.537728,14
1521092281.559432,13
1521092281.579185,15
1521092281.600969,14
1521092281.621281,15
1521092281.642894,16
1521092281.662628,16
1521092281.683891,15
1521092281.704241,15
1521092281.725646,16
1521092281.745591,15
1521092281.766534,15
1521092281.788412,16
1521092281.810740,15
1521092281.829879,15
1521092281.850822,14
1521092281.873093,16
1521092281.893374,15
1521092281.913027,16
1521092281.933914,17
1521092281.953295,17
1521092281.973312,16
1521092281.994965,16
1521092282.014634,17
1521092282.035589,16
1521092282.057307,16
1521092282.078357,17
1521092282.099312,17
1521092282.118785,16
1521092282.139908,16
1521092282.161776,17
1521092282.182113,16
1521092282.202727,16
1521092282.223018,16
1521092282.243763,18
1521092282.264041,17
1521092282.284324,17
1521092282.304598,16
1521092282.325662,18
1521092282.346634,17
1521092282.366761,17
1521092282.386458,18
1521092282.406662,18
1521092282.429755,17
1521092282.450784,18
1521092282.470731,18
1521092282.493182,17
1521092282.513290,16
1521092282.534433,19
1521092282.557068,18
1521092282.578969,19
1521092282.599308,19
1521092282.621183,18
1521092282.643084,19
1521092282.664319,19
1521092282.685071,18
1521092282.705140,18
1521092282.726430,19
1521092282.748725,18
1521092282.769357,18
1521092282.791544,19
1521092282.811869,18
1521092282.833114,18
1521092282.854143,19
1521092282.874951,20
1521092282.897375,19
1521092282.921971,20
1521092282.944025,19
1521092282.964423,18
1521092282.985124,20
1521092283.005586,19
1521092283.026850,19
1521092283.046981,18
1521092283.068418,20
1521092283.088584,19
1521092283.109360,19
1521092283.129067,20
1521092283.150112,19
1521092283.171214,19
1521092283.192428,20
1521092283.213303,20
1521092283.234031,19
1521092283.255016,18
1521092283.275418,20
1521092283.298408,19
1521092283.318193,19
1521092283.339045,20
1521092283.359418,20
1521092283.386105,19
1521092283.419142,20
1521092283.439538,18
1521092283.461238,17
1521092283.481821,15
1521092283.502418,14
1521092283.523786,13
1521092283.544830,12
1521092283.565319,10
1521092283.585743,8
1521092283.607473,11
1521092283.628820,10
1521092283.649252,11
1521092283.669607,11
1521092283.689497,11
1521092283.710454,11
1521092283.731856,10
1521092283.752225,12
1521092283.773725,11
1521092283.793985,11
1521092283.813261,10
1521092283.833873,12
1521092283.855533,11
1521092283.877393,10
1521092283.901298,12
1521092283.923174,11
1521092283.944266,13
1521092283.965460,12
1521092283.986376,12
1521092284.006866,11
1521092284.028848,13
1521092284.050327,12
1521092284.069866,12
1521092284.091513,13
1521092284.113510,12
1521092284.134510,12
1521092284.155902,13
1521092284.176170,13
1521092284.196945,13
1521092284.218272,12
1521092284.237657,14
1521092284.259065,13
1521092284.281684,12
1521092284.302267,14
1521092284.322955,13
1521092284.343098,13
1521092284.364280,14
1521092284.385646,14
1521092284.405437,13
1521092284.425434,13
1521092284.446307,15
1521092284.466758,15
1521092284.486806,14
1521092284.507575,13
1521092284.528474,15
1521092284.549240,14
1521092284.568252,14
1521092284.591308,15
1521092284.610795,15
1521092284.631409,14
1521092284.652679,13
1521092284.674547,15
1521092284.694751,14
1521092284.714838,15
1521092284.735495,16
1521092284.755605,16
1521092284.777419,15
1521092284.798348,14
1521092284.817690,16
1521092284.837955,15
1521092284.858977,15
1521092284.879807,14
1521092284.899594,16
1521092284.919724,15
1521092284.940048,15
1521092284.961718,16
1521092284.982015,16
1521092285.001675,16
1521092285.022619,16
1521092285.044366,17
1521092285.064685,16
1521092285.086321,16
1521092285.106914,17
1521092285.126820,17
1521092285.146634,16
1521092285.166463,16
1521092285.186903,17
1521092285.208154,17
1521092285.227649,16
1521092285.247988,16
1521092285.268035,15
1521092285.287884,17
1521092285.307948,17
1521092285.328036,17
1521092285.349521,18
1521092285.369506,18
1521092285.391547,17
1521092285.413814,18
1521092285.432633,18
1521092285.453258,17
1521092285.472967,17
1521092285.493820,16
1521092285.513933,18
1521092285.535471,17
1521092285.556102,16
1521092285.577035,18
1521092285.596936,17
1521092285.617804,17
1521092285.638014,17
1521092285.660220,19
1521092285.680546,18
1521092285.701388,18
1521092285.721971,19
1521092285.742458,18
1521092285.764300,18
1521092285.783604,17
1521092285.805011,19
1521092285.826509,18
1521092285.848219,17
1521092285.871837,18
1521092285.892349,18
1521092285.914103,19
1521092285.934693,19
1521092285.961212,17
1521092285.982582,20
1521092286.003173,19
1521092286.027371,20
1521092286.047248,20
1521092286.067831,19
1521092286.087669,19
1521092286.109667,20
1521092286.131151,19
1521092286.152965,19
1521092286.174749,20
1521092286.195097,19
1521092286.216900,19
1521092286.238117,20
1521092286.259089,19
1521092286.278931,19
1521092286.300204,18
1521092286.321809,20
1521092286.343133,19
1521092286.363414,19
1521092286.412721,20
1521092286.441780,19
1521092286.463627,18
1521092286.484914,20
1521092286.505516,19
1521092286.528062,18
1521092286.547960,18
1521092286.568245,16
1521092286.590111,15
1521092286.610758,13
1521092286.630844,11
1521092286.651453,10
1521092286.672072,11
1521092286.692967,9
1521092286.713108,9
1521092286.733253,11
1521092286.753352,11
1521092286.774899,11
1521092286.795279,10
1521092286.815344,11
1521092286.838184,11
1521092286.859744,10
1521092286.882367,12
1521092286.902089,11
1521092286.924367,11
1521092286.944365,12
1521092286.966897,11
1521092286.989185,10
1521092287.008614,12
1521092287.028929,11
1521092287.048872,11
1521092287.069532,11
1521092287.090766,13
1521092287.111888,12
1521092287.132048,12
1521092287.152356,13
1521092287.174366,13
1521092287.195062,12
1521092287.215993,11
1521092287.235542,14
1521092287.255900,13
1521092287.277656,13
1521092287.298022,15
1521092287.317960,15
1521092287.337727,13
1521092287.359648,13
1521092287.380482,14
1521092287.401982,13
1521092287.422745,13
1521092287.443414,12
1521092287.463523,14
1521092287.483008,13
1521092287.503731,13
1521092287.524281,14
1521092287.544788,16
1521092287.564763,16
1521092287.584152,16
1521092287.604298,17
1521092287.623616,17
1521092287.644218,14
1521092287.663911,14
1521092287.683752,13
1521092287.704213,15
1521092287.724885,14
1521092287.746099,14
1521092287.767047,15
1521092287.786867,15
1521092287.808369,14
1521092287.828395,14
1521092287.849347,16
1521092287.871102,15
1521092287.892504,15
1521092287.912647,16
1521092287.932584,16
1521092287.952783,15
1521092287.972868,15
1521092287.993416,16
1521092288.013616,16
1521092288.033824,15
1521092288.053848,15
1521092288.074904,16
1521092288.095023,16
1521092288.115863,15
1521092288.136107,15
1521092288.156498,17
1521092288.177097,16
1521092288.197801,16
1521092288.221183,17
1521092288.242670,16
1521092288.263211,16
1521092288.282807,15
1521092288.303184,17
1521092288.324959,16
1521092288.345117,16
1521092288.367131,17
1521092288.388408,16
1521092288.410534,15
1521092288.431385,18
1521092288.450510,18
1521092288.470543,17
1521092288.492570,17
1521092288.513350,19
1521092288.533892,18
1521092288.555949,17
1521092288.576295,19
1521092288.597613,18
1521092288.617722,17
1521092288.639651,18
1521092288.660689,18
1521092288.681313,17
1521092288.702144,16
1521092288.722482,18
1521092288.743885,17
1521092288.765222,18
1521092288.784574,17
1521092288.805661,19
1521092288.826467,18
1521092288.845525,18
1521092288.865619,19
1521092288.890925,18
1521092288.911737,17
1521092288.931723,19
1521092288.952375,18
1521092288.974346,18
1521092288.996625,19
1521092289.018021,18
1521092289.037513,19
1521092289.059356,18
1521092289.079180,20
1521092289.100385,19
1521092289.120200,19
1521092289.140866,20
1521092289.162795,19
1521092289.182795,18
1521092289.203054,18
1521092289.222506,19
1521092289.245158,18
1521092289.266489,18
1521092289.286724,18
1521092289.307696,17
1521092289.329698,15
1521092289.349918,13
1521092289.371434,13
1521092289.393622,11
1521092289.413537,10
1521092289.434374,8
1521092289.455072,9
1521092289.475469,10
1521092289.496991,10
1521092289.517696,10
1521092289.538178,10
1521092289.559246,11
1521092289.579322,10
1521092289.599725,9
1521092289.620223,11
1521092289.641708,10
1521092289.662125,10
1521092289.683006,11
1521092289.703177,11
1521092289.723756,10
1521092289.744509,10
1521092289.765233,12
1521092289.785556,11
1521092289.805501,11
1521092289.825994,10
1521092289.846725,12
1521092289.866361,11
1521092289.886537,11
1521092289.908934,10
1521092289.931373,12
1521092289.953080,11
1521092289.973328,13
1521092289.995971,12
1521092290.017480,12
1521092290.038490,13
1521092290.060584,12
1521092290.080615,12
1521092290.101985,11
1521092290.123278,13
1521092290.143614,12
1521092290.163414,12
1521092290.183891,13
1521092290.204792,13
1521092290.224903,13
1521092290.245299,13
1521092290.266421,14
1521092290.287261,13
1521092290.307246,13
1521092290.328265,12
1521092290.351636,14
1521092290.372138,13
1521092290.393015,14
1521092290.413709,14
1521092290.433640,13
1521092290.454076,13
1521092290.476054,15
1521092290.496218,14
1521092290.516046,14
1521092290.536914,13
1521092290.557867,15
1521092290.580675,14
1521092290.601362,13
1521092290.622270,15
1521092290.644380,14
1521092290.667791,15
1521092290.691877,14
1521092290.711505,14
1521092290.732073,13
1521092290.751893,16
1521092290.772815,15
1521092290.792942,15
1521092290.814897,16
1521092290.834323,16
1521092290.853972,15
1521092290.875878,14
1521092290.895880,16
1521092290.917040,15
1521092290.937216,15
1521092290.958975,16
1521092290.979120,16
1521092290.999005,15
1521092291.020954,14
1521092291.042496,17
1521092291.062026,16
1521092291.082038,16
1521092291.102916,15
1521092291.122561,17
1521092291.143170,16
1521092291.163513,16
1521092291.183451,15
1521092291.202314,17
1521092291.222143,17
1521092291.243778,16
1521092291.264301,15
1521092291.284891,17
1521092291.305288,16
1521092291.326545,16
1521092291.346346,18
1521092291.367373,18
1521092291.388893,17
1521092291.410447,18
1521092291.429752,18
1521092291.450616,17
1521092291.472825,17
1521092291.493515,18
1521092291.514405,17
1521092291.534320,17
1521092291.555140,17
1521092291.577467,19
1521092291.597302,18
1521092291.618717,17
1521092291.638849,19
1521092291.659727,18
1521092291.680700,19
1521092291.702587,19
1521092291.723080,19
1521092291.744566,18
1521092291.764817,17
1521092291.785487,19
1521092291.805210,18
1521092291.825530,18
1521092291.846773,17
1521092291.866983,19
1521092291.887848,18
1521092291.908944,18
1521092291.930840,19
1521092291.953959,18
1521092291.977059,19
1521092291.997579,19
1521092292.018787,19
1521092292.042258,20
1521092292.062488,20
1521092292.083790,19
1521092292.106265,20
1521092292.127416,19
1521092292.147047,19
1521092292.168124,18
1521092292.190015,20
1521092292.211040,19
1521092292.232657,18
1521092292.253297,20
1521092292.273305,19
1521092292.293073,19
1521092292.313148,19
1521092292.333038,20
1521092292.353875,19
1521092292.373887,19
1521092292.395774,18
1521092292.416539,20
1521092292.436769,19
1521092292.459131,18
1521092292.479829,20
1521092292.499978,19
1521092292.520390,19
1521092292.542439,18
1521092292.562682,20
1521092292.582206,18
1521092292.603344,17
1521092292.623880,15
1521092292.644393,13
1521092292.664553,13
1521092292.685164,12
1521092292.704702,10
1521092292.725639,9
1521092292.745948,11
1521092292.767820,11
1521092292.788601,11
1521092292.808424,11
1521092292.829142,11
1521092292.849832,11
1521092292.870884,10
1521092292.890809,12
1521092292.913241,11
1521092292.935671,10
1521092292.957508,12
1521092292.978617,11
1521092292.998524,11
1521092293.020629,12
1521092293.043540,11
1521092293.065007,10
1521092293.085050,13
1521092293.105311,12
1521092293.126450,12
1521092293.146607,11
1521092293.167456,13
1521092293.187563,12
1521092293.208182,13
1521092293.229450,14
1521092293.251128,13
1521092293.272123,13
1521092293.294114,13
1521092293.314533,14
1521092293.334685,13
1521092293.355544,13
1521092293.375711,14
1521092293.396014,14
1521092293.417073,13
1521092293.438205,13
1521092293.458618,14
1521092293.479709,13
1521092293.500666,13
1521092293.521116,14
1521092293.543537,13
1521092293.564521,13
1521092293.586610,15
1521092293.606934,14
1521092293.629320,14
1521092293.649828,15
1521092293.670182,15
1521092293.690067,14
1521092293.712174,13
1521092293.733312,15
1521092293.753672,14
1521092293.775259,14
1521092293.795052,15
1521092293.814933,15
1521092293.834360,14
1521092293.855858,15
1521092293.878023,16
1521092293.898322,15
1521092293.918537,15
1521092293.940986,16
1521092293.963887,15
1521092293.984881,15
1521092294.004795,14
1521092294.025444,16
1521092294.046729,15
1521092294.069466,16
1521092294.090835,16
1521092294.111454,15
1521092294.133022,14
1521092294.153698,17
1521092294.174598,16
1521092294.195213,16
1521092294.215744,17
1521092294.237948,16
1521092294.258002,16
1521092294.281266,17
1521092294.300771,17
1521092294.321088,16
1521092294.342429,15
1521092294.363823,17
1521092294.384467,16
1521092294.405768,16
1521092294.426274,17
1521092294.446846,17
1521092294.466746,17
1521092294.487211,16
1521092294.507719,18
1521092294.530031,17
1521092294.550252,17
1521092294.572718,18
1521092294.595720,17
1521092294.615772,17
1521092294.637299,18
1521092294.658759,17
1521092294.678216,17
1521092294.700067,18
1521092294.721593,17
1521092294.742479,17
1521092294.763641,16
1521092294.784417,19
1521092294.804414,18
1521092294.825272,18
1521092294.845193,17
1521092294.866896,19
1521092294.887555,18
1521092294.910197,19
1521092294.930282,19
1521092294.950383,18
1521092294.969815,18
1521092294.991289,19
1521092295.011224,19
1521092295.032031,18
1521092295.053784,17
1521092295.076210,19
1521092295.096213,18
1521092295.116180,19
1521092295.138456,20
1521092295.159865,19
1521092295.180348,19
1521092295.202730,20
1521092295.223662,19
1521092295.244498,19
1521092295.263969,18
1521092295.284526,20
1521092295.305559,19
1521092295.327724,18
1521092295.347972,20
1521092295.368136,19
1521092295.387894,19
1521092295.409943,20
1521092295.430884,20
1521092295.451941,19
1521092295.471762,19
1521092295.492926,20
1521092295.513256,19
1521092295.533941,19
1521092295.555487,20
1521092295.577993,19
1521092295.597744,19
1521092295.619515,18
1521092295.640014,20
1521092295.661396,19
1521092295.682492,18
1521092295.701904,16
1521092295.723383,14
1521092295.744807,14
1521092295.764603,12
1521092295.785448,11
1521092295.807149,9
1521092295.827370,10
1521092295.848277,11
1521092295.870575,11
1521092295.892300,11
1521092295.912583,11
1521092295.933971,10
1521092295.954868,12
1521092295.976460,11
1521092295.996226,11
1521092296.017872,12
1521092296.037919,11
1521092296.059984,11
1521092296.081326,12
1521092296.102098,12
1521092296.122274,11
1521092296.144708,10
1521092296.166166,13
1521092296.189109,12
1521092296.210359,13
1521092296.233252,12
1521092296.253869,12
1521092296.274883,13
1521092296.295151,13
1521092296.316068,12
1521092296.337420,11
1521092296.357769,13
1521092296.396915,12
1521092296.417863,12
1521092296.439158,14
1521092296.460708,13
1521092296.481095,13
1521092296.502422,14
1521092296.523757,13
1521092296.545060,13
1521092296.565165,14
1521092296.585733,14
1521092296.607680,13
1521092296.628345,12
1521092296.650658,14
1521092296.670340,14
1521092296.692491,13
1521092296.712821,15
1521092296.733784,14
1521092296.754747,14
1521092296.776067,15
1521092296.796883,14
1521092296.818786,14
1521092296.838411,13
1521092296.859461,15
1521092296.879653,14
1521092296.899371,14
1521092296.921038,15
1521092296.942857,15
1521092296.964488,15
1521092296.986770,16
1521092297.008181,15
1521092297.027833,15
1521092297.048560,14
1521092297.071127,15
1521092297.092590,15
1521092297.113131,14
1521092297.133487,16
1521092297.155257,15
1521092297.177053,15
1521092297.197492,16
1521092297.218401,15
1521092297.238761,16
1521092297.260734,15
1521092297.281815,16
1521092297.301357,16
1521092297.323044,15
1521092297.344446,17
1521092297.365683,16
1521092297.385906,15
1521092297.408022,17
1521092297.428037,16
1521092297.447949,16
1521092297.469000,15
1521092297.489038,17
1521092297.509779,16
1521092297.531228,16
1521092297.553539,18
1521092297.573986,17
1521092297.594153,17
1521092297.617613,18
1521092297.638828,17
1521092297.660205,17
1521092297.681408,18
1521092297.701475,18
1521092297.721376,17
1521092297.742869,16
1521092297.763467,18
1521092297.783908,17
1521092297.805032,17
1521092297.825194,18
1521092297.845555,18
1521092297.866332,18
1521092297.888591,17
1521092297.911162,18
1521092297.932544,18
1521092297.953014,17
1521092297.976495,18
1521092297.996670,18
1521092298.017589,17
1521092298.037680,19
1521092298.058981,18
1521092298.079604,18
1521092298.102428,19
1521092298.123122,18
1521092298.143440,18
1521092298.164470,19
1521092298.186166,18
1521092298.207158,19
1521092298.228465,18
1521092298.247814,20
1521092298.269130,19
1521092298.289272,19
1521092298.309423,20
1521092298.330160,20
1521092298.350548,19
1521092298.370441,19
1521092298.390767,20
1521092298.410383,20
1521092298.431324,19
1521092298.452398,18
1521092298.473560,20
1521092298.494554,19
1521092298.514663,19
1521092298.535771,20
1521092298.557453,19
1521092298.578268,19
1521092298.599161,20
1521092298.619273,20
1521092298.641308,19
1521092298.662089,19
1521092298.681312,20
1521092298.700969,20
1521092298.721620,19
1521092298.743459,19
1521092298.764594,18
1521092298.785097,17
1521092298.804702,16
1521092298.826464,14
1521092298.847838,13
1521092298.868885,12
1521092298.889574,10
1521092298.910794,9
1521092298.931462,11
1521092298.951706,11
1521092298.972310,11
1521092298.995235,11
1521092299.017937,10
1521092299.038521,11
1521092299.060857,12
1521092299.082464,12
1521092299.102986,11
1521092299.123363,10
1521092299.143942,12
1521092299.164730,11
1521092299.186549,10
1521092299.208040,12
1521092299.228250,11
1521092299.251003,11
1521092299.272679,13
1521092299.293004,12
1521092299.315116,12
1521092299.334881,11
1521092299.356483,12
1521092299.377907,12
1521092299.398904,13
1521092299.421132,13
1521092299.442927,12
1521092299.462491,11
1521092299.483176,13
1521092299.503817,13
1521092299.524695,13
1521092299.546774,14
1521092299.567843,13
1521092299.588524,13
1521092299.610383,14
1521092299.633146,13
1521092299.653759,13
1521092299.675002,14
1521092299.696221,13
1521092299.717421,13
1521092299.738436,14
1521092299.758793,15
1521092299.777986,14
1521092299.797852,14
1521092299.819145,15
1521092299.840073,15
1521092299.860411,14
1521092299.880457,14
1521092299.902824,15
1521092299.924195,14
1521092299.943822,14
1521092299.964518,13
1521092299.986224,14
1521092300.006620,14
1521092300.030466,16
1521092300.050785,15
1521092300.072251,15
1521092300.093754,16
1521092300.113900,16
1521092300.134514,15
1521092300.154414,15
1521092300.176022,16
1521092300.195684,16
1521092300.216414,15
1521092300.236999,14
1521092300.257728,16
1521092300.279377,15
1521092300.301225,14
1521092300.322195,17
1521092300.342564,16
1521092300.363653,16
1521092300.385735,17
1521092300.406973,16
1521092300.428114,16
1521092300.450090,17
1521092300.468821,17
1521092300.488880,16
1521092300.511139,15
1521092300.532477,17
1521092300.553980,16
1521092300.574348,16
1521092300.594018,17
1521092300.614460,17
1521092300.635465,17
1521092300.655997,17
1521092300.677185,18
1521092300.698573,17
1521092300.718765,17
1521092300.739698,18
1521092300.761206,18
1521092300.781937,17
1521092300.801890,16
1521092300.822158,18
1521092300.843111,17
1521092300.864237,17
1521092300.883743,16
1521092300.905578,18
1521092300.927050,17
1521092300.947602,16
1521092300.967264,19
1521092300.989938,18
1521092301.014017,19
1521092301.035629,19
1521092301.057477,18
1521092301.077265,17
1521092301.102955,18
1521092301.124156,18
1521092301.144063,19
1521092301.165515,18
1521092301.185914,18
1521092301.206635,17
1521092301.227922,19
1521092301.248237,18
1521092301.269174,18
1521092301.291312,20
1521092301.312617,19
1521092301.332833,19
1521092301.353871,20
1521092301.374197,20
1521092301.394638,19
1521092301.416035,19
1521092301.435816,20
1521092301.458024,19
1521092301.477778,19
1521092301.497836,18
1521092301.519769,20
1521092301.542057,19
1521092301.562992,20
1521092301.583883,20
1521092301.604761,19
1521092301.626277,18
1521092301.646443,20
1521092301.667005,19
1521092301.687709,19
1521092301.709730,20
1521092301.730546,19
1521092301.752106,19
1521092301.774367,20
1521092301.795724,19
1521092301.818369,19
1521092301.840032,20
1521092301.863282,18
1521092301.885159,16
1521092301.906826,15
1521092301.928700,14
1521092301.950115,12
1521092301.971824,11
1521092301.993540,9
1521092302.016238,11
1521092302.038033,10
1521092302.063082,10
1521092302.084297,11
1521092302.107194,11
1521092302.128419,11
1521092302.153524,12
1521092302.177138,11
1521092302.199590,10
1521092302.221637,12
1521092302.243669,11
1521092302.265512,12
1521092302.289522,11
1521092302.310459,11
1521092302.333069,12
1521092302.355069,12
1521092302.378496,13
1521092302.399949,13
1521092302.423363,12
1521092302.445364,13
1521092302.467338,12
1521092302.489051,12
1521092302.512314,13
1521092302.534715,12
1521092302.557789,13
1521092302.580519,12
1521092302.602675,13
1521092302.623624,14
1521092302.645162,13
1521092302.666271,13
1521092302.688448,14
1521092302.710694,13
1521092302.731449,12
1521092302.754087,14
1521092302.776658,13
1521092302.797696,12
1521092302.818750,14
1521092302.839335,14
1521092302.861783,14
1521092302.884122,16
1521092302.905759,15
1521092302.927668,16
1521092302.949988,14
1521092302.970848,14
1521092302.993631,15
1521092303.015277,14
1521092303.039470,13
1521092303.063959,14
1521092303.087878,13
1521092303.110269,15
1521092303.131250,15
1521092303.157102,16
1521092303.179990,15
1521092303.202336,16
1521092303.223099,16
1521092303.245418,15
1521092303.267139,16
1521092303.288134,16
1521092303.310711,15
1521092303.333838,16
1521092303.355289,15
1521092303.377454,15
1521092303.398494,16
1521092303.420537,16
1521092303.442646,15
1521092303.464096,17
1521092303.485857,16
1521092303.506592,15
1521092303.527536,17
1521092303.549649,16
1521092303.570087,16
1521092303.591002,17
1521092303.613747,16
1521092303.634464,16
1521092303.654951,17
1521092303.680682,16
1521092303.702349,16
1521092303.723691,19
1521092303.745599,18
1521092303.767901,19
1521092303.789484,19
1521092303.811429,18
1521092303.832424,18
1521092303.856492,18
1521092303.878479,17
1521092303.900821,18
1521092303.924297,17
1521092303.946249,16
1521092303.969069,17
1521092303.990414,17
1521092304.012180,18
1521092304.034838,17
1521092304.062356,19
1521092304.083319,18
1521092304.105769,18
1521092304.128315,19
1521092304.150173,18
1521092304.171437,17
1521092304.191672,19
1521092304.215003,18
1521092304.238371,19
1521092304.261504,18
1521092304.282631,18
1521092304.303754,19
1521092304.325608,18
1521092304.347225,18
1521092304.368737,19
1521092304.391455,19
1521092304.414351,18
1521092304.435939,20
1521092304.458185,19
1521092304.478736,18
1521092304.499165,20
1521092304.521761,19
1521092304.543893,18
1521092304.564529,20
1521092304.585186,19
1521092304.609197,20
1521092304.629929,20
1521092304.649473,19
1521092304.670657,19
1521092304.692759,20
1521092304.712739,19
1521092304.733878,19
1521092304.754791,20
1521092304.777454,19
1521092304.798999,19
1521092304.819267,20
1521092304.842060,19
1521092304.863072,19
1521092304.883101,18
1521092304.904955,20
1521092304.928300,19
1521092304.948271,18
1521092304.969251,17
1521092304.989479,15
1521092305.010665,14
1521092305.032188,13
1521092305.054237,12
1521092305.076700,10
1521092305.101632,10
1521092305.123781,10
1521092305.147011,11
1521092305.168120,11
1521092305.194103,11
1521092305.215021,12
1521092305.237365,11
1521092305.259263,11
1521092305.282193,12
1521092305.302679,11
1521092305.325477,11
1521092305.346070,12
1521092305.369031,11
1521092305.392188,12
1521092305.413125,12
1521092305.435537,11
1521092305.457736,11
1521092305.480555,12
1521092305.503161,11
1521092305.526795,13
1521092305.547742,12
1521092305.570027,13
1521092305.592686,13
1521092305.614247,12
1521092305.634986,13
1521092305.660420,12
1521092305.682309,11
1521092305.703439,14
1521092305.724747,13
1521092305.745897,12
1521092305.765533,14
1521092305.786349,13
1521092305.806809,13
1521092305.829062,14
1521092305.853285,13
1521092305.875244,12
1521092305.897427,14
1521092305.919018,13
1521092305.943825,15
1521092305.966273,14
1521092305.986971,14
1521092306.008893,15
1521092306.030936,14
1521092306.055201,15
1521092306.076483,14
1521092306.099689,14
1521092306.123312,15
1521092306.145440,14
1521092306.167673,15
1521092306.201115,15
1521092306.224531,15
1521092306.246986,14
1521092306.269281,16
1521092306.292989,15
1521092306.315138,16
1521092306.337523,15
1521092306.363948,16
1521092306.387883,15
1521092306.444591,16
1521092306.468042,15
1521092306.491513,16
1521092306.514051,16
1521092306.538225,15
1521092306.560808,17
1521092306.584386,16
1521092306.606779,17
1521092306.631348,16
1521092306.654127,17
1521092306.677802,16
1521092306.701835,17
1521092306.724921,16
1521092306.748583,15
1521092306.769634,17
1521092306.790639,16
1521092306.813535,15
1521092306.834305,18
1521092306.856610,17
1521092306.878787,18
1521092306.899050,18
1521092306.920733,17
1521092306.943179,18
1521092306.964308,18
1521092306.986430,17
1521092307.006495,16
1521092307.028493,18
1521092307.048939,17
1521092307.071382,16
1521092307.092960,18
1521092307.116803,17
1521092307.138323,19
1521092307.160892,18
1521092307.186760,19
1521092307.209541,18
1521092307.231750,17
1521092307.252101,19
1521092307.272733,18
1521092307.294772,18
1521092307.316344,19
1521092307.339776,18
1521092307.361975,17
1521092307.382987,19
1521092307.405198,18
1521092307.426140,17
1521092307.447099,19
1521092307.468019,18
1521092307.490428,18
1521092307.511563,20
1521092307.533200,19
1521092307.555160,18
1521092307.576802,20
1521092307.604298,18
1521092307.628961,19
1521092307.652151,18
1521092307.675080,19
1521092307.697985,19
1521092307.718413,18
1521092307.742070,19
1521092307.765576,18
1521092307.787236,20
1521092307.807667,19
1521092307.829690,18
1521092307.849611,20
1521092307.870847,19
1521092307.890906,19
1521092307.911512,18
1521092307.933089,20
1521092307.953288,19
1521092307.974418,18
1521092307.997254,20
1521092308.018754,19
1521092308.039173,18
1521092308.061818,17
1521092308.082472,16
1521092308.103527,14
1521092308.125018,13
1521092308.145647,11
1521092308.166091,11
1521092308.186402,9
1521092308.207509,11
1521092308.227852,11
1521092308.249891,10
1521092308.272063,11
1521092308.292893,11
1521092308.314813,11
1521092308.337014,11
1521092308.358985,12
1521092308.382869,11
1521092308.404611,12
1521092308.430169,11
1521092308.452052,10
1521092308.474835,11
1521092308.497366,11
1521092308.519334,12
1521092308.542738,12
1521092308.566137,13
1521092308.591330,12
1521092308.614091,11
1521092308.637059,12
1521092308.663772,13
1521092308.688871,12
1521092308.711281,13
1521092308.734193,12
1521092308.755883,12
1521092308.779483,14
1521092308.800227,13
1521092308.822573,12
1521092308.845418,14
1521092308.866759,13
1521092308.886700,12
1521092308.907309,14
1521092308.927282,13
1521092308.948834,13
1521092308.970328,12
1521092308.992296,14
1521092309.012059,13
1521092309.032869,12
1521092309.052721,15
1521092309.072970,14
1521092309.093563,14
1521092309.114601,15
1521092309.136216,15
1521092309.156954,14
1521092309.179809,15
1521092309.200248,15
1521092309.221065,14
1521092309.250046,15
1521092309.270062,14
1521092309.290190,14
1521092309.312844,16
1521092309.333474,15
1521092309.354877,14
1521092309.377594,16
1521092309.398295,15
1521092309.418846,15
1521092309.438975,16
1521092309.460952,15
1521092309.481235,15
1521092309.501566,14
1521092309.523305,16
1521092309.543899,15
1521092309.564274,15
1521092309.584051,16
1521092309.605568,16
1521092309.643605,16
1521092309.664283,17
1521092309.684918,17
1521092309.707398,16
1521092309.730370,17
1521092309.751922,16
1521092309.773430,16
1521092309.794755,17
1521092309.817784,16
1521092309.839210,16
1521092309.860647,17
1521092309.882874,16
1521092309.903889,15
1521092309.925242,18
1521092309.946682,17
1521092309.966731,17
1521092309.988155,18
1521092310.009662,17
1521092310.030708,17
1521092310.050953,16
1521092310.073207,17
1521092310.094145,17
1521092310.114499,16
1521092310.136520,18
1521092310.164729,18
1521092310.185950,18
1521092310.207007,17
1521092310.228659,16
1521092310.250813,19
1521092310.271044,18
1521092310.291967,17
1521092310.313030,19
1521092310.334519,18
1521092310.356336,17
1521092310.379197,19
1521092310.399513,18
1521092310.421543,17
1521092310.443787,19
1521092310.464503,18
1521092310.484941,18
1521092310.506373,19
1521092310.527189,18
1521092310.551911,17
1521092310.573938,20
1521092310.594812,19
1521092310.617109,20
1521092310.639777,19
1521092310.660501,19
1521092310.683014,20
1521092310.706205,19
1521092310.730146,20
1521092310.755195,19
1521092310.780492,20
1521092310.804085,19
1521092310.829983,20
1521092310.853870,19
1521092310.880452,20
1521092310.905369,18
1521092310.931572,19
1521092310.955337,18
1521092310.977425,20
1521092311.001561,19
1521092311.024530,20
1521092311.048553,19
1521092311.073014,20
1521092311.095264,19
1521092311.118407,20
1521092311.143031,18
1521092311.166086,16
1521092311.189531,14
1521092311.216068,13
1521092311.237833,11
1521092311.266664,10
1521092311.296094,11
1521092311.318142,10
1521092311.346535,11
1521092311.385119,11
1521092311.406707,11
1521092311.444831,11
1521092311.474009,11
1521092311.503119,11
1521092311.526300,11
1521092311.566945,12
1521092311.602462,11
1521092311.624559,10
1521092311.656369,12
1521092311.694427,13
1521092311.716747,12
1521092311.744231,13
1521092311.771667,13
1521092311.808253,13
1521092311.836761,13
1521092311.865005,12
1521092311.886946,14
1521092311.915239,12
1521092311.937958,14
1521092311.967808,14
1521092311.995258,12
1521092312.016816,14
1521092312.038754,13
1521092312.062463,14
1521092312.084903,13
1521092312.108127,12
1521092312.131261,15
1521092312.152631,14
1521092312.175201,15
1521092312.198231,14
1521092312.221024,14
1521092312.243495,15
1521092312.266510,14
1521092312.291468,15
1521092312.313224,14
1521092312.334762,13
1521092312.357566,15
1521092312.378854,14
1521092312.399405,13
1521092312.420737,16
1521092312.443861,15
1521092312.466234,16
1521092312.486475,16
1521092312.508596,15
1521092312.531282,16
1521092312.552014,16
1521092312.573297,15
1521092312.594330,14
1521092312.617255,15
1521092312.639158,15
1521092312.661496,16
1521092312.683785,15
1521092312.704901,16
1521092312.726273,17
1521092312.749671,16
1521092312.772098,17
1521092312.794059,17
1521092312.816953,16
1521092312.838255,17
1521092312.861340,16
1521092312.883003,16
1521092312.904006,17
1521092312.926967,16
1521092312.948258,15
1521092312.969249,17
1521092312.993403,16
1521092313.014853,18
1521092313.036675,18
1521092313.058707,17
1521092313.081449,18
1521092313.103618,17
1521092313.124970,17
1521092313.146436,18
1521092313.169676,17
1521092313.190375,16
1521092313.213308,18
1521092313.233374,17
1521092313.254473,17
1521092313.277709,18
1521092313.313517,17
1521092313.347283,18
1521092313.382259,18
1521092313.404410,19
1521092313.427770,18
1521092313.448970,17
1521092313.470661,19
1521092313.493607,18
1521092313.517442,19
1521092313.540111,18
1521092313.563701,17
1521092313.583873,19
1521092313.604615,18
1521092313.625982,18
1521092313.648880,19
1521092313.671280,19
1521092313.693421,20
1521092313.714261,20
1521092313.735754,19
1521092313.757811,18
1521092313.779147,20
1521092313.799939,19
1521092313.821880,18
1521092313.843198,20
1521092313.864898,19
1521092313.886336,18
1521092313.908351,20
1521092313.929847,19
1521092313.951333,20
1521092313.973301,19
1521092313.996213,19
1521092314.019384,20
1521092314.041427,19
1521092314.063054,18
1521092314.085104,20
1521092314.106647,19
1521092314.129058,20
1521092314.151635,20
1521092314.176196,18
1521092314.198052,20
1521092314.220691,19
1521092314.242252,17
1521092314.269369,16
1521092314.290852,14
1521092314.311383,13
1521092314.334527,12
1521092314.355142,10
1521092314.376492,9
1521092314.397650,11
1521092314.418862,10
1521092314.441421,11
1521092314.463207,11
1521092314.484869,11
1521092314.507871,10
1521092314.530350,12
1521092314.551740,11
1521092314.574698,12
1521092314.596185,11
1521092314.618673,11
1521092314.642468,12
1521092314.664620,11
1521092314.684839,10
1521092314.706569,12
1521092314.726956,12
1521092314.748687,11
1521092314.771106,13
1521092314.795089,12
1521092314.815301,11
1521092314.836667,13
1521092314.858393,12
1521092314.880581,13
1521092314.902866,12
1521092314.923491,12
1521092314.943996,11
1521092314.965265,14
1521092314.986976,13
1521092315.008281,12
1521092315.029528,14
1521092315.050944,13
1521092315.073057,12
1521092315.094944,14
1521092315.115275,13
1521092315.135537,13
1521092315.157098,14
1521092315.179150,13
1521092315.201335,12
1521092315.222529,15
1521092315.244692,14
1521092315.265436,13
1521092315.287197,15
1521092315.311948,14
1521092315.335612,15
1521092315.359422,14
1521092315.382105,15
1521092315.406357,14
1521092315.429629,15
1521092315.453091,14
1521092315.489710,14
1521092315.525800,16
1521092315.561241,16
1521092315.596257,15
1521092315.631999,15
1521092315.667682,15
1521092315.702606,14
1521092315.737154,16
1521092315.773461,16
1521092315.809739,16
1521092315.844644,16
1521092315.879074,15
1521092315.919395,17
1521092315.954638,16
1521092315.991556,16
1521092316.027715,17
1521092316.063342,17
1521092316.097965,17
1521092316.133548,17
1521092316.168077,17
1521092316.206521,18
1521092316.242942,18
1521092316.277521,17
1521092316.313351,17
1521092316.348226,16
1521092316.384196,18
1521092316.418576,19
1521092316.455415,18
1521092316.491200,18
1521092316.527271,19
1521092316.566355,18
1521092316.601763,18
1521092316.637741,18
1521092316.673922,19
1521092316.709820,20
1521092316.746393,19
1521092316.782080,19
1521092316.817389,18
1521092316.851280,19
1521092316.886892,19
1521092316.922832,18
1521092316.957698,17
1521092316.994523,15
1521092317.029654,13
1521092317.064433,11
1521092317.099922,8
1521092317.135258,10
1521092317.169325,10
1521092317.205315,9
1521092317.239168,10
1521092317.276365,10
1521092317.313005,11
1521092317.347847,11
1521092317.382944,10
1521092317.418143,11
1521092317.453990,11
1521092317.491164,12
1521092317.525866,12
1521092317.561407,11
1521092317.596579,11
1521092317.634005,10
1521092317.667981,13
1521092317.705574,12
1521092317.742581,12
1521092317.776996,12
1521092317.812298,11
1521092317.847110,13
1521092317.883402,13
1521092317.919101,13
1521092317.953804,13
1521092317.990145,12
1521092318.025990,14
1521092318.063928,13
1521092318.099251,13
1521092318.134665,12
1521092318.170692,15
1521092318.209453,14
1521092318.244228,14
1521092318.281294,13
1521092318.317762,15
1521092318.353594,14
1521092318.393361,13
1521092318.428735,16
1521092318.465388,15
1521092318.502096,15
1521092318.537492,14
1521092318.575686,16
1521092318.610784,15
1521092318.647492,15
1521092318.685234,14
1521092318.718571,17
1521092318.754741,17
1521092318.791046,16
1521092318.827993,16
1521092318.863937,17
1521092318.897890,17
1521092318.934407,16
1521092318.970822,16
1521092319.009569,18
1521092319.044891,18
1521092319.080548,17
1521092319.115367,17
1521092319.150567,17
1521092319.187114,18
1521092319.222543,18
1521092319.259581,17
1521092319.295685,17
1521092319.331618,16
1521092319.366304,19
1521092319.402746,18
1521092319.438098,18
1521092319.476561,19
1521092319.512324,19
1521092319.546833,18
1521092319.582722,18
1521092319.618470,18
1521092319.652470,17
1521092319.687290,20
1521092319.723854,20
1521092319.759817,19
1521092319.794510,19
1521092319.830169,18
1521092319.864716,18
1521092319.900503,20
1521092319.934507,19
1521092319.968947,19
1521092320.003890,19
1521092320.038776,19
1521092320.075126,20
1521092320.111910,20
1521092320.146382,19
1521092320.180908,19
1521092320.216324,19
1521092320.252599,17
1521092320.287838,15
1521092320.322833,12
1521092320.366073,10
1521092320.402945,10
1521092320.438988,11
1521092320.476145,10
1521092320.511172,11
1521092320.547362,11
1521092320.582749,12
1521092320.617829,12
1521092320.654454,11
1521092320.689483,11
1521092320.724696,11
1521092320.760826,13
1521092320.796900,13
1521092320.833846,12
1521092320.870140,12
1521092320.906600,11
1521092320.943739,12
1521092320.978870,13
1521092321.013991,13
1521092321.048018,13
1521092321.083751,12
1521092321.118437,14
1521092321.153809,13
1521092321.189735,13
1521092321.226081,13
1521092321.264538,15
1521092321.343084,15
1521092321.381573,14
1521092321.420228,13
1521092321.456056,15
1521092321.492782,14
1521092321.528411,15
1521092321.565002,15
1521092321.600855,16
1521092321.636412,16
1521092321.672895,15
1521092321.706607,15
1521092321.744270,14
1521092321.780456,16
1521092321.816927,16
1521092321.854255,16
1521092321.890787,17
1521092321.926765,17
1521092321.963720,16
1521092321.997953,16
1521092322.033159,16
1521092322.069413,17
1521092322.105753,18
1521092322.141804,17
1521092322.177002,17
1521092322.212053,16
1521092322.249220,18
1521092322.285728,17
1521092322.321259,17
1521092322.357198,16
1521092322.394186,18
1521092322.430689,18
1521092322.466583,18
1521092322.502072,17
1521092322.537637,19
1521092322.576627,18
1521092322.612272,18
1521092322.648364,17
1521092322.684249,19
1521092322.719433,19
1521092322.756982,18
1521092322.795033,20
1521092322.831302,20
1521092322.865962,19
1521092322.901842,19
1521092322.936549,19
1521092322.972447,18
1521092323.006737,20
1521092323.042434,20
1521092323.077908,19
1521092323.114605,19
1521092323.149711,18
1521092323.186098,20
1521092323.221568,19
1521092323.257370,19
1521092323.295427,20
1521092323.330678,18
1521092323.366222,16
1521092323.401150,14
1521092323.443180,11
1521092323.477868,9
1521092323.514535,11
1521092323.550090,11
1521092323.588305,11
1521092323.624316,10
1521092323.659450,10
1521092323.695514,12
1521092323.732112,11
1521092323.767365,11
1521092323.803148,10
1521092323.838051,13
1521092323.876505,12
1521092323.911440,12
1521092323.946705,12
1521092323.982265,13
1521092324.018845,13
1521092324.053564,12
1521092324.091493,13
1521092324.127558,14
1521092324.163105,14
1521092324.200666,13
1521092324.238043,12
1521092324.273383,14
1521092324.309214,14
1521092324.346816,14
1521092324.382849,14
1521092324.422319,15
1521092324.459858,14
1521092324.496027,14
1521092324.531099,13
1521092324.566908,15
1521092324.605361,15
1521092324.641927,15
1521092324.677840,16
1521092324.714941,15
1521092324.751034,15
1521092324.785814,15
1521092324.821110,14
1521092324.856368,16
1521092324.894384,16
1521092324.930054,16
1521092324.966006,15
1521092325.002317,17
1521092325.037985,16
1521092325.074719,16
1521092325.111285,15
1521092325.146679,17
1521092325.183031,16
1521092325.218419,17
1521092325.254379,17
1521092325.289719,16
1521092325.326455,18
1521092325.364181,17
1521092325.401735,17
1521092325.437743,18
1521092325.474437,17
1521092325.508897,17
1521092325.544364,18
1521092325.581863,19
1521092325.618543,19
1521092325.653284,18
1521092325.688610,18
1521092325.726794,19
1521092325.761981,19
1521092325.798295,18
1521092325.835725,18
1521092325.872736,20
1521092325.908404,20
1521092325.945207,19
1521092325.982710,19
1521092326.018223,20
1521092326.054640,20
1521092326.090729,19
1521092326.126354,19
1521092326.163363,20
1521092326.198161,20
1521092326.234857,19
1521092326.268650,19
1521092326.304578,19
1521092326.342743,20
1521092326.381912,19
1521092326.417592,19
1521092326.452995,16
1521092326.489334,14
1521092326.526241,12
1521092326.563159,9
1521092326.598508,11
1521092326.633421,11
1521092326.668814,11
1521092326.704337,12
1521092326.740758,12
1521092326.776980,11
1521092326.812700,11
1521092326.848556,12
1521092326.884961,12
1521092326.919878,12
1521092326.956321,12
1521092326.993702,11
1521092327.031051,13
1521092327.066747,12
1521092327.103309,12
1521092327.138233,11
1521092327.173522,14
1521092327.211662,13
1521092327.247013,13
1521092327.282906,12
1521092327.317688,14
1521092327.353885,14
1521092327.390435,13
1521092327.426100,14
1521092327.462038,15
1521092327.499128,15
1521092327.534848,14
1521092327.570782,14
1521092327.606907,13
1521092327.643578,15
1521092327.677426,15
1521092327.713434,15
1521092327.747775,15
1521092327.784288,14
1521092327.819222,16
1521092327.855653,15
1521092327.891158,15
1521092327.928016,15
1521092327.965033,16
1521092328.000579,17
1521092328.040853,16
1521092328.081631,17
1521092328.121714,16
1521092328.157003,17
1521092328.193137,17
1521092328.230236,16
1521092328.266743,16
1521092328.302594,16
1521092328.336302,18
1521092328.373245,18
1521092328.409857,17
1521092328.446097,16
1521092328.482237,18
1521092328.521846,17
1521092328.556690,17
1521092328.594609,18
1521092328.628933,19
1521092328.663982,18
1521092328.699288,18
1521092328.734816,18
1521092328.769813,17
1521092328.804733,19
1521092328.844536,18
1521092328.880993,18
1521092328.916829,19
1521092328.952146,20
1521092328.988152,19
1521092329.024045,19
1521092329.059721,18
1521092329.095456,20
1521092329.132068,20
1521092329.166632,19
1521092329.202564,19
1521092329.238136,18
1521092329.274571,20
1521092329.311965,19
1521092329.347544,19
1521092329.384758,20
1521092329.434572,20
1521092329.470962,20
1521092329.505791,19
1521092329.541290,17
1521092329.578100,14
1521092329.613316,12
1521092329.647630,10
1521092329.684387,11
1521092329.721739,10
1521092329.757519,11
1521092329.794438,10
1521092329.830016,12
1521092329.866404,11
1521092329.901869,11
1521092329.937706,11
1521092329.974676,12
1521092330.010583,13
1521092330.046834,12
1521092330.083115,12
1521092330.119041,11
1521092330.154898,13
1521092330.192440,12
1521092330.229258,12
1521092330.264822,14
1521092330.301867,14
1521092330.337048,13
1521092330.373169,13
1521092330.411428,14
1521092330.453806,13
1521092330.489050,12
1521092330.525636,15
1521092330.563145,14
1521092330.599805,14
1521092330.635755,15
1521092330.672170,15
1521092330.707208,14
1521092330.743987,14
1521092330.784782,16
1521092330.819083,15
1521092330.854295,15
1521092330.891101,15
1521092330.926271,16
1521092330.962567,16
1521092330.998788,15
1521092331.036602,15
1521092331.073672,17
1521092331.108874,17
1521092331.146184,16
1521092331.182043,16
1521092331.217466,17
1521092331.252448,17
1521092331.288397,16
1521092331.325833,16
1521092331.361784,15
1521092331.401504,17
1521092331.436329,17
1521092331.474294,16
1521092331.512175,18
1521092331.547661,17
1521092331.585530,17
1521092331.622847,18
1521092331.658184,18
1521092331.693813,17
1521092331.729382,18
1521092331.765707,19
1521092331.801708,19
1521092331.836391,18
1521092331.872574,18
1521092331.907840,18
1521092331.944348,19
1521092331.981424,19
1521092332.016781,18
1521092332.052306,19
1521092332.087146,18
1521092332.123848,20
1521092332.158997,20
1521092332.197016,19
1521092332.235115,18
1521092332.272481,19
1521092332.309383,19
1521092332.346290,18
1521092332.382571,20
1521092332.417620,19
1521092332.454021,19
1521092332.493841,20
1521092332.529778,20
1521092332.569369,19
1521092332.608112,18
1521092332.646748,15
1521092332.685005,13
1521092332.721881,11
1521092332.757668,8
1521092332.792946,11
1521092332.829182,11
1521092332.865225,11
1521092332.900397,11
1521092332.937501,12
1521092332.974875,11
1521092333.009827,11
1521092333.044930,11
1521092333.081728,10
1521092333.116449,13
1521092333.152535,12
1521092333.188198,12
1521092333.226752,11
1521092333.262476,13
1521092333.298768,12
1521092333.335685,12
1521092333.370798,12
1521092333.406491,14
1521092333.441933,14
1521092333.476966,13
1521092333.515134,13
1521092333.551257,14
1521092333.588511,13
1521092333.625184,14
1521092333.661779,13
1521092333.696093,13
1521092333.733190,15
1521092333.767883,14
1521092333.803792,14
1521092333.840802,15
1521092333.876892,16
1521092333.912551,15
1521092333.949696,15
1521092333.985296,14
1521092334.021163,16
1521092334.056214,16
1521092334.093097,15
1521092334.129738,14
1521092334.164127,17
1521092334.199199,17
1521092334.234658,16
1521092334.270844,16
1521092334.306226,16
1521092334.342793,17
1521092334.385496,16
1521092334.428721,18
1521092334.471388,19
1521092334.506861,20
1521092334.547144,18
1521092334.586343,18
1521092334.622287,18
1521092334.657079,18
1521092334.692617,18
1521092334.727225,18
1521092334.762198,18
1521092334.795512,17
1521092334.833389,19
1521092334.868436,18
1521092334.905229,18
1521092334.941863,17
1521092334.978082,19
1521092335.014473,18
1521092335.047957,18
1521092335.086432,17
1521092335.121654,19
1521092335.157990,19
1521092335.193628,19
1521092335.228243,19
1521092335.265161,20
1521092335.301782,20
1521092335.338273,19
1521092335.374670,19
1521092335.410203,18
1521092335.445733,20
1521092335.481759,19
1521092335.516818,19
1521092335.554146,18
1521092335.592860,20
1521092335.629234,19
1521092335.669636,20
1521092335.704767,18
1521092335.741447,15
1521092335.776307,14
1521092335.811783,12
1521092335.848359,9
1521092335.885158,10
1521092335.921859,11
1521092335.956799,11
1521092335.996911,11
1521092336.033334,12
1521092336.069244,12
1521092336.106180,11
1521092336.141289,11
1521092336.176636,10
1521092336.212209,15
1521092336.247276,15
1521092336.283060,12
1521092336.316887,12
1521092336.352017,12
1521092336.387912,13
1521092336.424483,13
1521092336.460579,14
1521092336.497680,14
1521092336.534417,14
1521092336.573892,13
1521092336.609465,13
1521092336.644802,12
1521092336.682242,14
1521092336.718371,14
1521092336.753199,14
1521092336.789885,14
1521092336.825929,15
1521092336.862529,15
1521092336.897371,14
1521092336.933020,14
1521092336.968067,13
1521092337.004004,16
1521092337.040153,16
1521092337.077906,15
1521092337.116979,16
1521092337.153224,16
1521092337.191483,15
1521092337.229564,16
1521092337.265108,17
1521092337.302106,16
1521092337.335978,16
1521092337.371710,16
1521092337.406980,17
1521092337.443771,18
1521092337.481903,17
1521092337.517391,16
1521092337.553918,18
1521092337.593197,17
1521092337.629621,17
1521092337.671088,18
1521092337.706917,17
1521092337.743907,17
1521092337.779811,18
1521092337.815511,18
1521092337.850980,17
1521092337.885693,17
1521092337.922433,18
1521092337.959306,19
1521092337.998423,18
1521092338.034617,18
1521092338.069143,17
1521092338.105155,19
1521092338.142387,18
1521092338.178432,18
1521092338.214666,17
1521092338.250341,20
1521092338.286445,19
1521092338.321869,19
1521092338.357728,19
1521092338.394130,20
1521092338.428138,20
1521092338.464645,19
1521092338.499747,19
1521092338.535683,19
1521092338.573768,20
1521092338.611733,19
1521092338.646826,19
1521092338.684390,20
1521092338.719583,20
1521092338.755439,19
1521092338.790560,19
1521092338.826716,17
1521092338.862158,14
1521092338.897068,12
1521092338.932926,9
1521092338.968837,11
1521092339.004728,10
1521092339.040155,11
1521092339.076537,11
1521092339.111282,10
1521092339.146031,12
1521092339.183732,11
1521092339.218090,11
1521092339.253939,11
1521092339.290231,13
1521092339.326811,13
1521092339.363014,12
1521092339.398632,12
1521092339.434064,11
1521092339.469061,13
1521092339.504968,13
1521092339.542383,13
1521092339.580337,12
1521092339.616419,14
1521092339.652669,13
1521092339.687123,13
1521092339.723964,12
1521092339.763301,14
1521092339.798970,14
1521092339.834757,14
1521092339.870935,15
1521092339.905163,15
1521092339.942056,15
1521092339.977286,14
1521092340.019275,15
1521092340.062604,14
1521092340.100448,16
1521092340.141363,15
1521092340.182623,16
1521092340.223836,15
1521092340.270779,16
1521092340.306738,17
1521092340.342501,16
1521092340.377507,17
1521092340.414266,16
1521092340.450823,15
1521092340.485998,17
1521092340.520439,17
1521092340.558105,16
1521092340.597155,15
1521092340.637275,16
1521092340.675446,17
1521092340.710891,16
1521092340.745559,18
1521092340.781014,18
1521092340.816163,17
1521092340.850825,17
1521092340.886461,16
1521092340.923383,18
1521092340.959460,18
1521092340.994496,18
1521092341.028599,18
1521092341.065618,17
1521092341.101692,19
1521092341.135251,19
1521092341.170193,18
1521092341.205704,18
1521092341.243234,17
1521092341.278163,19
1521092341.313595,19
1521092341.348991,19
1521092341.384674,19
1521092341.420986,18
1521092341.455887,20
1521092341.491513,20
1521092341.526197,19
1521092341.566232,18
1521092341.601674,20
1521092341.637869,20
1521092341.672469,19
1521092341.709855,19
1521092341.745871,20
1521092341.780653,20
1521092341.816667,19
1521092341.850682,19
1521092341.886538,19
1521092341.921019,16
1521092341.956906,14
1521092341.991491,12
1521092342.028345,9
1521092342.064285,11
1521092342.100319,11
1521092342.137442,11
1521092342.173939,12
1521092342.209306,12
1521092342.244918,11
1521092342.281555,11
1521092342.316996,10
1521092342.353334,12
1521092342.388484,12
1521092342.423112,12
1521092342.460269,12
1521092342.496943,13
1521092342.532348,13
1521092342.568240,12
1521092342.604887,12
1521092342.642520,14
1521092342.678949,13
1521092342.719265,13
1521092342.760907,13
1521092342.803799,14
1521092342.844160,13
1521092342.884592,15
1521092342.924845,14
1521092342.961036,14
1521092342.997007,15
1521092343.030654,15
1521092343.066598,14
1521092343.100238,14
1521092343.135586,14
1521092343.170346,15
1521092343.205730,16
1521092343.240615,16
1521092343.277228,15
1521092343.312495,15
1521092343.346912,15
1521092343.382183,14
1521092343.416542,16
1521092343.450616,17
1521092343.487005,16
1521092343.522818,16
1521092343.562401,17
1521092343.597784,17
1521092343.633785,16
1521092343.670281,16
1521092343.707184,17
1521092343.744358,17
1521092343.779487,17
1521092343.815055,17
1521092343.850002,16
1521092343.885274,18
1521092343.921257,18
1521092343.956248,17
1521092343.993655,17
1521092344.029535,18
1521092344.064275,18
1521092344.101850,18
1521092344.146026,19
1521092344.184506,18
1521092344.221106,18
1521092344.261019,20
1521092344.296267,19
1521092344.332488,19
1521092344.368457,17
1521092344.403743,19
1521092344.439886,19
1521092344.477478,19
1521092344.513315,18
1521092344.548344,20
1521092344.587712,19
1521092344.623750,18
1521092344.659898,19
1521092344.695942,16
1521092344.734592,13
1521092344.768826,11
1521092344.805898,8
1521092344.841517,10
1521092344.877499,9
1521092344.913990,10
1521092344.950029,11
1521092344.986254,10
1521092345.022152,10
1521092345.057510,11
1521092345.092975,11
1521092345.129197,11
1521092345.163910,11
1521092345.198241,11
1521092345.235695,12
1521092345.271842,12
1521092345.307874,11
1521092345.343800,11
1521092345.378514,11
1521092345.415064,13
1521092345.450813,12
1521092345.485725,12
1521092345.520882,12
1521092345.558688,13
1521092345.594875,14
1521092345.630687,13
1521092345.666832,13
1521092345.700559,13
1521092345.735774,14
1521092345.772086,14
1521092345.807500,13
1521092345.843900,13
1521092345.881189,13
1521092345.917445,15
1521092345.953132,14
1521092345.988689,14
1521092346.025643,13
1521092346.062118,15
1521092346.097039,14
1521092346.133795,15
1521092346.168220,15
1521092346.205454,16
1521092346.241889,16
1521092346.278163,15
1521092346.315350,14
1521092346.351492,16
1521092346.387200,15
1521092346.422522,16
1521092346.457682,16
1521092346.493787,15
1521092346.528851,17
1521092346.567728,16
1521092346.606119,15
1521092346.641464,17
1521092346.677672,17
1521092346.715053,16
1521092346.754260,18
1521092346.789847,18
1521092346.826386,17
1521092346.862833,17
1521092346.898170,18
1521092346.934576,18
1521092346.972238,17
1521092347.012856,18
1521092347.048764,19
1521092347.085682,18
1521092347.122486,18
1521092347.157638,19
1521092347.193110,19
1521092347.229356,18
1521092347.265896,18
1521092347.301524,17
1521092347.337181,19
1521092347.374413,18
1521092347.408589,19
1521092347.443758,19
1521092347.477960,18
1521092347.513746,20
1521092347.549669,20
1521092347.586754,19
1521092347.621513,19
1521092347.657852,20
1521092347.693442,20
1521092347.728461,20
1521092347.763779,19
1521092347.799255,19
1521092347.835780,20
1521092347.870252,20
1521092347.904974,20
1521092347.940227,19
1521092347.977377,17
1521092348.015667,14
1521092348.050326,12
1521092348.085592,9
1521092348.120581,11
1521092348.155430,11
1521092348.191662,11
1521092348.226738,11
1521092348.262399,10
1521092348.297392,12
1521092348.332514,12
1521092348.368838,11
1521092348.403688,11
1521092348.446939,12
1521092348.485260,12
1521092348.521738,11
1521092348.560553,12
1521092348.598862,12
1521092348.638919,13
1521092348.677386,12
1521092348.714423,12
1521092348.750526,14
1521092348.786514,13
1521092348.820856,13
1521092348.856583,13
1521092348.895027,14
1521092348.930758,14
1521092348.966387,14
1521092349.001580,14
1521092349.038212,13
1521092349.074202,15
1521092349.111740,14
1521092349.152342,15
1521092349.194648,14
1521092349.230586,15
1521092349.266174,17
1521092349.299955,17
1521092349.335754,16
1521092349.369875,15
1521092349.404323,15
1521092349.440651,14
1521092349.476926,16
1521092349.512785,16
1521092349.550091,16
1521092349.587331,17
1521092349.624967,17
1521092349.661329,16
1521092349.696343,16
1521092349.735106,17
1521092349.770562,17
1521092349.807456,16
1521092349.844571,17
1521092349.878622,18
1521092349.913149,18
1521092349.948177,18
1521092349.984304,17
1521092350.020460,17
1521092350.064343,17
1521092350.099541,17
1521092350.135171,16
1521092350.169429,19
1521092350.205515,19
1521092350.242471,18
1521092350.278807,18
1521092350.315038,19
1521092350.351684,19
1521092350.386870,18
1521092350.422763,18
1521092350.457707,17
1521092350.493724,20
1521092350.533661,19
1521092350.576801,20
1521092350.613181,19
1521092350.646855,19
1521092350.681642,19
1521092350.716443,18
1521092350.753207,20
1521092350.789899,19
1521092350.827240,19
1521092350.863958,20
1521092350.899950,20
1521092350.936007,19
1521092350.971784,19
1521092351.008892,20
1521092351.044251,18
1521092351.081875,15
1521092351.119701,13
1521092351.156564,11
1521092351.192780,8
1521092351.228243,11
1521092351.266147,10
1521092351.301951,11
1521092351.336722,11
1521092351.374221,12
1521092351.409346,12
1521092351.445033,11
1521092351.482400,11
1521092351.518176,12
1521092351.554394,13
1521092351.591277,12
1521092351.625372,12
1521092351.660288,11
1521092351.695062,13
1521092351.733827,12
1521092351.767794,12
1521092351.805231,13
1521092351.843604,14
1521092351.879696,13
1521092351.914554,13
1521092351.950505,13
1521092351.986545,14
1521092352.022836,14
1521092352.058519,14
1521092352.094031,14
1521092352.128534,13
1521092352.164883,15
1521092352.199783,15
1521092352.234960,14
1521092352.288821,15
1521092352.337909,16
1521092352.374997,17
1521092352.410927,16
1521092352.455426,16
1521092352.505784,20
1521092352.542002,18
1521092352.580342,17
1521092352.634734,19
1521092352.675862,16
1521092352.710464,14
1521092352.746395,12
1521092352.783696,11
1521092352.818959,11
1521092352.855848,11
1521092352.897629,12
1521092352.953258,14
1521092353.009855,13
1521092353.045207,13
1521092353.086897,17
1521092353.138413,17
1521092353.173926,15
1521092353.209813,17
1521092353.245972,16
1521092353.283292,17
1521092353.317599,17
1521092353.359782,18
1521092353.398344,17
1521092353.432602,19
1521092353.468485,19
1521092353.507025,19
1521092353.546065,19
1521092353.580144,19
1521092353.618243,18
1521092353.653893,19
1521092353.694855,19
1521092353.731110,20
1521092353.765619,19
1521092353.803949,18
1521092353.841804,17
1521092353.877287,14
1521092353.913144,12
1521092353.949574,11
1521092353.991568,11
1521092354.031018,10
1521092354.066586,12
1521092354.103455,13
1521092354.141363,12
1521092354.177100,14
1521092354.214753,12
1521092354.251109,13
1521092354.293385,15
1521092354.329574,14
1521092354.365667,14
1521092354.402388,15
1521092354.436312,15
1521092354.472185,14
1521092354.512959,15
1521092354.547675,15
1521092354.586554,16
1521092354.623029,16
1521092354.661527,17
1521092354.702353,14
1521092354.740127,13
1521092354.780781,12
1521092354.828062,9
1521092354.913788,9
1521092354.957983,9
1521092354.998565,11
1521092355.037365,9
1521092355.074388,10
1521092355.109451,11
1521092355.144302,11
1521092355.178093,11
1521092355.214073,10
1521092355.249437,10
1521092355.293425,11
1521092355.327877,11
1521092355.363673,11
1521092355.396672,11
1521092355.433324,12
1521092355.467826,12
1521092355.506190,12
1521092355.542026,12
1521092355.576836,11
1521092355.611094,13
1521092355.646498,13
1521092355.683832,12
1521092355.722411,11
1521092355.766904,13
1521092355.809131,15
1521092355.845989,14
1521092355.886000,15
1521092355.921255,14
1521092355.956512,14
1521092355.993315,14
1521092356.037852,14
1521092356.073531,14
1521092356.111530,13
1521092356.146854,15
1521092356.182043,15
1521092356.218119,14
1521092356.254957,14
1521092356.290878,16
1521092356.327688,16
1521092356.364950,15
1521092356.400301,15
1521092356.437508,16
1521092356.483506,14
1521092356.522769,15
1521092356.558268,16
1521092356.593553,16
1521092356.629080,15
1521092356.664523,17
1521092356.700580,16
1521092356.737645,16
1521092356.775230,17
1521092356.809504,17
1521092356.845377,16
1521092356.881096,17
1521092356.957955,18
1521092357.013605,17
1521092357.055504,17
1521092357.090578,17
1521092357.127467,17
1521092357.163588,18
1521092357.202653,18
1521092357.239176,18
1521092357.277493,19
1521092357.315296,18
1521092357.353531,18
1521092357.389403,19
1521092357.426419,19
1521092357.461776,18
1521092357.498032,18
1521092357.536431,20
1521092357.571747,20
1521092357.605908,19
1521092357.645204,18
1521092357.682375,20
1521092357.717618,20
1521092357.753221,19
1521092357.789006,19
1521092357.825072,20
1521092357.860353,20
1521092357.895747,19
1521092357.932956,19
1521092357.971013,20
1521092358.007678,20
1521092358.046780,19
1521092358.084125,18
1521092358.126108,16
1521092358.166555,13
1521092358.201959,10
1521092358.236566,10
1521092358.272918,11
1521092358.309187,11
1521092358.343337,11
1521092358.379162,10
1521092358.415831,12
1521092358.451826,12
